1 0 1142
2 1143 932
3 2076 6635
4 8712 978
5 9691 6314
6 16006 3111
7 19118 1991
8 21110 5001
9 26112 772
10 26885 674
11 27560 2402
12 29963 1256
13 31220 805
14 32026 3657
15 35684 2559
16 38244 6455
17 44700 537
18 45238 3880
19 49119 1298
20 50418 1268
21 51687 2142
22 53830 2001
23 55832 1562
24 57395 3235
25 60631 3523
26 64155 1120
27 65276 3829
28 69106 1136
29 70243 380
30 70624 837
31 71462 22080
32 93543 2343
33 95887 2130
34 98018 3632
35 101651 8984
36 110636 1229
37 111866 2535
38 114402 2332
39 116735 5687
40 122423 19016
41 141440 7199
42 148640 315
43 148956 3108
44 152065 2570
45 154636 916
46 155553 3527
47 159081 30437
48 189519 838
49 190358 2285
50 192644 406
51 193051 654
52 193706 1988
53 195695 1129
54 196825 4576
55 201402 2485
56 203888 4033
57 207922 3300
58 211223 4950
59 216174 1599
60 217774 2309
61 220084 601
62 220686 935
63 221622 19668
64 241291 9316
65 250608 7386
66 257995 4199
67 262195 28621
68 290817 215
69 291033 3831
70 294865 20135
71 315001 673
72 315675 914
73 316590 2954
74 319545 2745
75 322291 4093
76 326385 1792
77 328178 13915
78 342094 2894
79 344989 2532
80 347522 415
81 347938 3347
82 351286 2088
83 353375 3380
84 356756 3539
85 360296 3557
86 363854 9024
87 372879 2770
88 375650 2594
89 378245 6418
90 384664 15563
91 400228 1110
92 401339 933
93 402273 2806
94 405080 1609
95 406690 4905
96 411596 4204
97 415801 2289
98 418091 5819
99 423911 2119
100 426031 5101
101 431133 3265
102 434399 1870
103 436270 3308
104 439579 1536
105 441116 583
106 441700 3277
107 444978 9362
108 454341 1303
109 455645 5245
110 460891 5158
111 466050 3517
112 469568 3929
113 473498 2568
114 476067 770
115 476838 1724
116 478563 3445
117 482009 5530
118 487540 4655
119 492196 5355
120 497552 1391
121 498944 3369
122 502314 9934
123 512249 1105
124 513355 9970
125 523326 6877
126 530204 1870
127 532075 4424
128 536500 12126
129 548627 926
130 549554 2223
131 551778 891
132 552670 4720
133 557391 7389
134 564781 4401
135 569183 2527
136 571711 4267
137 575979 5480
138 581460 5409
139 586870 3301
140 590172 4778
141 594951 5021
142 599973 2610
143 602584 1727
144 604312 5451
145 609764 3018
146 612783 5921
147 618705 4159
148 622865 3678
149 626544 5338
150 631883 5306
151 637190 2667
152 639858 8723
153 648582 1908
154 650491 4073
155 654565 3301
156 657867 20489
157 678357 2288
158 680646 1730
159 682377 2299
160 684677 3812
161 688490 2764
162 691255 4494
163 695750 4095
164 699846 3121
165 702968 3568
166 706537 4571
167 711109 4690
168 715800 1282
169 717083 2295
170 719379 2727
171 722107 2309
172 724417 1936
173 726354 1243
174 727598 2949
175 730548 2660
176 733209 4163
177 737373 779
178 738153 962
179 739116 4425
180 743542 2453
181 745996 6070
182 752067 3872
183 755940 1868
184 757809 5526
185 763336 4689
186 768026 5555
187 773582 5164
188 778747 3131
189 781879 1013
190 782893 2670
191 785564 3571
192 789136 6790
193 795927 820
194 796748 1132
195 797881 6276
196 804158 6285
197 810444 2137
198 812582 9060
199 821643 3319
200 824963 7287
201 832251 4473
202 836725 7002
203 843728 8056
204 851785 1251
205 853037 976
206 854014 2454
207 856469 3266
208 859736 3665
209 863402 3290
210 866693 3476
211 870170 980
212 871151 3985
213 875137 1353
214 876491 1096
215 877588 2230
216 879819 5068
217 884888 3376
218 888265 1849
219 890115 3791
220 893907 3856
221 897764 2497
222 900262 6489
223 906752 7882
224 914635 4446
225 919082 3035
226 922118 5681
227 927800 3784
228 931585 2696
229 934282 9621
230 943904 9570
231 953475 1022
232 954498 4052
233 958551 6932
234 965484 8018
235 973503 1784
236 975288 2959
237 978248 1031
238 979280 7607
239 986888 7554
240 994443 10591
241 1005035 3044
242 1008080 1050
243 1009131 2890
244 1012022 3453
245 1015476 6633
246 1022110 7589
247 1029700 2404
248 1032105 5399
249 1037505 8328
250 1045834 8127
251 1053962 4181
252 1058144 637
253 1058782 2788
254 1061571 8480
255 1070052 8567
256 1078620 7044
257 1085665 3239
258 1088905 4254
259 1093160 4801
260 1097962 3853
261 1101816 2389
262 1104206 2719
263 1106926 4585
264 1111512 3856
265 1115369 9028
266 1124398 6416
267 1130815 1787
268 1132603 5483
269 1138087 7074
270 1145162 7411
271 1152574 5678
272 1158253 8629
273 1166883 8192
274 1175076 7908
275 1182985 3383
276 1186369 3496
277 1189866 8507
278 1198374 1595
279 1199970 3101
280 1203072 2086
281 1205159 2677
282 1207837 1480
283 1209318 6349
284 1215668 3683
285 1219352 3332
286 1222685 4817
287 1227503 1587
288 1229091 8715
289 1237807 4561
290 1242369 2779
291 1245149 1594
292 1246744 9640
293 1256385 6454
294 1262840 3526
295 1266367 4564
296 1270932 6982
297 1277915 10436
298 1288352 3675
299 1292028 6756
300 1298785 1808
301 1300594 5397
302 1305992 6294
303 1312287 2807
304 1315095 3441
305 1318537 1666
306 1320204 6366
307 1326571 3865
308 1330437 1215
309 1331653 4976
310 1336630 2168
311 1338799 5769
312 1344569 8712
313 1353282 6376
314 1359659 3746
315 1363406 13378
316 1376785 3145
317 1379931 8855
318 1388787 5122
319 1393910 4254
320 1398165 1648
321 1399814 3786
322 1403601 2198
323 1405800 19075
324 1424876 7692
325 1432569 3167
326 1435737 1291
327 1437029 2891
328 1439921 3877
329 1443799 4041
330 1447841 1079
331 1448921 1717
332 1450639 2709
333 1453349 4217
334 1457567 1158
335 1458726 4631
336 1463358 3904
337 1467263 4628
338 1471892 3998
339 1475891 3967
340 1479859 8613
341 1488473 7144
342 1495618 3127
343 1498746 2003
344 1500750 1784
345 1502535 1140
346 1503676 2938
347 1506615 929
348 1507545 4061
349 1511607 3777
350 1515385 2203
351 1517589 2387
352 1519977 3687
353 1523665 1385
354 1525051 1238
355 1526290 5926
356 1532217 3577
357 1535795 838
358 1536634 269
359 1536904 5361
360 1542266 814
361 1543081 2673
362 1545755 2484
363 1548240 1503
364 1549744 6976
365 1556721 4582
366 1561304 2508
367 1563813 6876
368 1570690 5438
369 1576129 1896
370 1578026 3875
371 1581902 3865
372 1585768 3622
373 1589391 1918
374 1591310 2514
375 1593825 13138
376 1606964 4007
377 1610972 2123
378 1613096 3741
379 1616838 2748
380 1619587 3016
381 1622604 5460
382 1628065 4316
383 1632382 1041
384 1633424 703
385 1634128 1556
386 1635685 3098
387 1638784 1230
388 1640015 2425
389 1642441 478
390 1642920 2132
391 1645053 2320
392 1647374 2197
393 1649572 2193
394 1651766 2157
395 1653924 618
396 1654543 1646
397 1656190 2684
398 1658875 2319
399 1661195 2468
400 1663664 1838
401 1665503 550
402 1666054 12975
403 1679030 1681
404 1680712 764
405 1681477 1587
406 1683065 5681
407 1688747 1241
408 1689989 782
409 1690772 856
410 1691629 2207
411 1693837 3241
412 1697079 4954
413 1702034 524
414 1702559 1352
415 1703912 1317
416 1705230 967
417 1706198 2874
418 1709073 1891
419 1710965 3112
420 1714078 898
421 1714977 1291
422 1716269 2037
423 1718307 4756
424 1723064 668
425 1723733 1166
426 1724900 11042
427 1735943 1377
428 1737321 3603
429 1740925 2150
430 1743076 2318
431 1745395 2471
432 1747867 1373
433 1749241 4674
434 1753916 5249
435 1759166 12885
436 1772052 1917
437 1773970 3384
438 1777355 7360
439 1784716 1862
440 1786579 7030
441 1793610 2111
442 1795722 1564
443 1797287 3783
444 1801071 9574
445 1810646 3827
446 1814474 10929
447 1825404 1371
448 1826776 2521
449 1829298 5182
450 1834481 1684
451 1836166 1407
452 1837574 1230
453 1838805 1262
454 1840068 4278
455 1844347 1473
456 1845821 1314
457 1847136 7669
458 1854806 2255
459 1857062 2318
460 1859381 4015
461 1863397 1737
462 1865135 2150
463 1867286 4991
464 1872278 5359
465 1877638 1367
466 1879006 1054
467 1880061 1477
468 1881539 1064
469 1882604 1725
470 1884330 2136
471 1886467 8377
472 1894845 3461
473 1898307 9537
474 1907845 3186
475 1911032 2644
476 1913677 1852
477 1915530 2018
478 1917549 9651
479 1927201 3790
480 1930992 30732
481 1961725 16329
482 1978055 11337
483 1989393 24580
484 2013974 2996
485 2016971 3724
486 2020696 4380
487 2025077 4499
488 2029577 3084
489 2032662 1946
490 2034609 3487
491 2038097 5892
492 2043990 3248
493 2047239 2965
494 2050205 9878
495 2060084 17845
496 2077930 1224
497 2079155 2451
498 2081607 6292
499 2087900 2757
500 2090658 8232
501 2098891 2754
502 2101646 4996
503 2106643 2615
504 2109259 4358
505 2113618 3573
506 2117192 2602
507 2119795 2383
508 2122179 2676
509 2124856 3203
510 2128060 303
511 2128364 7176
512 2135541 4428
513 2139970 964
514 2140935 2812
515 2143748 9958
516 2153707 3804
517 2157512 3902
518 2161415 5869
519 2167285 318
520 2167604 4506
521 2172111 2377
522 2174489 2336
523 2176826 2571
524 2179398 2456
525 2181855 3011
526 2184867 2090
527 2186958 1778
528 2188737 1915
529 2190653 2172
530 2192826 3325
531 2196152 2608
532 2198761 1994
533 2200756 1832
534 2202589 2194
535 2204784 2219
536 2207004 1934
537 2208939 2861
538 2211801 2941
539 2214743 3062
540 2217806 3475
541 2221282 1853
542 2223136 1935
543 2225072 2784
544 2227857 1913
545 2229771 7936
546 2237708 13565
547 2251274 2822
548 2254097 3860
549 2257958 2353
550 2260312 303
551 2260616 2624
552 2263241 6313
553 2269555 16207
554 2285763 3903
555 2289667 2527
556 2292195 4928
557 2297124 12554
558 2309679 4047
559 2313727 7689
560 2321417 607
561 2322025 2924
562 2324950 4433
563 2329384 7781
564 2337166 8818
565 2345985 1564
566 2347550 1638
567 2349189 1567
568 2350757 581
569 2351339 1176
570 2352516 3075
571 2355592 1587
572 2357180 1048
573 2358229 904
574 2359134 805
575 2359940 840
576 2360781 2702
577 2363484 4126
578 2367611 9233
579 2376845 4691
580 2381537 4178
581 2385716 1891
582 2387608 2113
583 2389722 849
584 2390572 4654
585 2395227 1208
586 2396436 2037
587 2398474 4029
588 2402504 529
589 2403034 6275
590 2409310 2815
591 2412126 2104
592 2414231 4843
593 2419075 1542
594 2420618 17036
595 2437655 1905
596 2439561 2618
597 2442180 1698
598 2443879 979
599 2444859 1453
600 2446313 2092
601 2448406 2292
602 2450699 1480
603 2452180 7576
604 2459757 1271
605 2461029 1088
606 2462118 2863
607 2464982 2800
608 2467783 680
609 2468464 5815
610 2474280 624
611 2474905 3691
612 2478597 3852
613 2482450 3809
614 2486260 3866
615 2490127 3668
616 2493796 3710
617 2497507 5795
618 2503303 2480
619 2505784 788
620 2506573 759
621 2507333 1608
622 2508942 5206
623 2514149 5756
624 2519906 894
625 2520801 2699
626 2523501 608
627 2524110 1590
628 2525701 3435
629 2529137 1797
630 2530935 1773
631 2532709 1116
632 2533826 1232
633 2535059 1839
634 2536899 2817
635 2539717 1190
636 2540908 5798
637 2546707 2893
638 2549601 1575
639 2551177 2040
640 2553218 1283
641 2554502 2573
642 2557076 5825
643 2562902 1591
644 2564494 849
645 2565344 2533
646 2567878 2464
647 2570343 2433
648 2572777 3003
649 2575781 2951
650 2578733 2888
651 2581622 3178
652 2584801 2307
653 2587109 1866
654 2588976 2916
655 2591893 722
656 2592616 737
657 2593354 1648
658 2595003 9787
659 2604791 5102
660 2609894 2383
661 2612278 1914
662 2614193 2756
663 2616950 3097
664 2620048 1945
665 2621994 2348
666 2624343 1453
667 2625797 1512
668 2627310 4213
669 2631524 3443
670 2634968 3819
671 2638788 2046
672 2640835 10070
673 2650906 3795
674 2654702 1937
675 2656640 3193
676 2659834 3034
677 2662869 3285
678 2666155 3806
679 2669962 3005
680 2672968 5319
681 2678288 3263
682 2681552 3391
683 2684944 1333
684 2686278 2080
685 2688359 507
686 2688867 3734
687 2692602 3519
688 2696122 1336
689 2697459 566
690 2698026 528
691 2698555 667
692 2699223 856
693 2700080 527
694 2700608 732
695 2701341 7314
696 2708656 1579
697 2710236 2887
698 2713124 1332
699 2714457 2017
700 2716475 1131
701 2717607 4009
702 2721617 2776
703 2724394 5282
704 2729677 1214
705 2730892 1194
706 2732087 4553
707 2736641 3081
708 2739723 1877
709 2741601 1301
710 2742903 8359
711 2751263 2601
712 2753865 3727
713 2757593 5541
714 2763135 9399
715 2772535 9161
716 2781697 2700
717 2784398 5087
718 2789486 4640
719 2794127 5605
720 2799733 3498
721 2803232 2846
722 2806079 2903
723 2808983 4052
724 2813036 599
725 2813636 3487
726 2817124 4058
727 2821183 2026
728 2823210 1266
729 2824477 900
730 2825378 4932
731 2830311 7759
732 2838071 5773
733 2843845 2448
734 2846294 3586
735 2849881 1731
736 2851613 6065
737 2857679 4143
738 2861823 507
739 2862331 1644
740 2863976 3749
741 2867726 2805
742 2870532 1562
743 2872095 23586
744 2895682 6347
745 2902030 5943
746 2907974 1546
747 2909521 7090
748 2916612 11223
749 2927836 25782
750 2953619 6780
751 2960400 12560
752 2972961 3517
753 2976479 4293
754 2980773 4347
755 2985121 19772
756 3004894 19349
757 3024244 3661
758 3027906 2866
759 3030773 2122
760 3032896 1225
761 3034122 5450
762 3039573 19534
763 3059108 7872
764 3066981 11470
765 3078452 3394
766 3081847 5359
767 3087207 4803
768 3092011 18426
769 3110438 3413
770 3113852 3308
771 3117161 3916
772 3121078 3741
773 3124820 4108
774 3128929 5550
775 3134480 10504
776 3144985 4781
777 3149767 4192
778 3153960 5304
779 3159265 9444
780 3168710 4603
781 3173314 16444
782 3189759 5247
783 3195007 1624
784 3196632 7305
785 3203938 7998
786 3211937 7858
787 3219796 8214
788 3228011 4239
789 3232251 11911
790 3244163 4272
791 3248436 3463
792 3251900 3909
793 3255810 3476
794 3259287 2809
795 3262097 4673
796 3266771 6328
797 3273100 3704
798 3276805 19867
799 3296673 4004
800 3300678 1252
801 3301931 5341
802 3307273 4365
803 3311639 4313
804 3315953 4955
805 3320909 4460
806 3325370 5353
807 3330724 5643
808 3336368 7900
809 3344269 7439
810 3351709 4267
811 3355977 5478
812 3361456 8400
813 3369857 8948
814 3378806 4145
815 3382952 4674
816 3387627 6480
817 3394108 6721
818 3400830 5241
819 3406072 4821
820 3410894 5403
821 3416298 4723
822 3421022 3778
823 3424801 10536
824 3435338 2764
825 3438103 5286
826 3443390 17867
827 3461258 5435
828 3466694 38563
829 3505258 7527
830 3512786 4031
831 3516818 8640
832 3525459 4096
833 3529556 3045
834 3532602 3598
835 3536201 4230
836 3540432 4712
837 3545145 6535
838 3551681 4990
839 3556672 6443
840 3563116 2477
841 3565594 6561
842 3572156 9042
843 3581199 1960
844 3583160 5029
845 3588190 2875
846 3591066 6467
847 3597534 12950
848 3610485 2094
849 3612580 13622
850 3626203 6341
851 3632545 1550
852 3634096 2434
853 3636531 1043
854 3637575 3443
855 3641019 2782
856 3643802 1071
857 3644874 6189
858 3651064 6900
859 3657965 7262
860 3665228 4833
861 3670062 3219
862 3673282 3508
863 3676791 2872
864 3679664 11011
865 3690676 3336
866 3694013 7133
867 3701147 2391
868 3703539 1643
869 3705183 8474
870 3713658 2580
871 3716239 18578
872 3734818 22908
873 3757727 964
874 3758692 3357
875 3762050 2570
876 3764621 6466
877 3771088 7214
878 3778303 5822
879 3784126 3811
880 3787938 4391
881 3792330 4683
882 3797014 518
883 3797533 3917
884 3801451 4794
885 3806246 8581
886 3814828 4929
887 3819758 5242
888 3825001 3960
889 3828962 8752
890 3837715 3065
891 3840781 9946
892 3850728 1541
893 3852270 3341
894 3855612 4145
895 3859758 767
896 3860526 1225
897 3861752 8259
898 3870012 2965
899 3872978 2725
900 3875704 2487
901 3878192 5115
902 3883308 4679
903 3887988 5457
904 3893446 4085
905 3897532 3165
906 3900698 5426
907 3906125 4611
908 3910737 2941
909 3913679 2947
910 3916627 2124
911 3918752 2343
912 3921096 7795
913 3928892 5561
914 3934454 4083
915 3938538 4371
916 3942910 4386
917 3947297 4568
918 3951866 7944
919 3959811 1136
920 3960948 4118
921 3965067 3416
922 3968484 4440
923 3972925 5263
924 3978189 4621
925 3982811 3281
926 3986093 3601
927 3989695 6884
928 3996580 3831
929 4000412 4362
930 4004775 4242
931 4009018 6214
932 4015233 2011
933 4017245 2660
934 4019906 7783
935 4027690 2447
936 4030138 3130
937 4033269 1965
938 4035235 643
939 4035879 657
940 4036537 614
941 4037152 685
942 4037838 647
943 4038486 675
944 4039162 631
945 4039794 649
946 4040444 622
947 4041067 623
948 4041691 640
949 4042332 616
950 4042949 638
951 4043588 628
952 4044217 633
953 4044851 626
954 4045478 658
955 4046137 699
956 4046837 662
957 4047500 620
958 4048121 628
959 4048750 630
960 4049381 657
961 4050039 680
962 4050720 629
963 4051350 631
964 4051982 658
965 4052641 655
966 4053297 636
967 4053934 628
968 4054563 640
969 4055204 656
970 4055861 648
971 4056510 679
972 4057190 648
973 4057839 676
974 4058516 647
975 4059164 620
976 4059785 640
977 4060426 662
978 4061089 647
979 4061737 680
980 4062418 649
981 4063068 630
982 4063699 626
983 4064326 648
984 4064975 647
985 4065623 633
986 4066257 654
987 4066912 671
988 4067584 667
989 4068252 686
990 4068939 641
991 4069581 645
992 4070227 630
993 4070858 617
994 4071476 652
995 4072129 632
996 4072762 643
997 4073406 629
998 4074036 637
999 4074674 642
1000 4075317 637
1001 4075955 654
1002 4076610 648
1003 4077259 666
1004 4077926 656
1005 4078583 656
1006 4079240 681
1007 4079922 627
1008 4080550 635
1009 4081186 630
1010 4081817 675
1011 4082493 663
1012 4083157 712
1013 4083870 673
1014 4084544 667
1015 4085212 681
1016 4085894 654
1017 4086549 653
1018 4087203 650
1019 4087854 684
1020 4088539 668
1021 4089208 636
1022 4089845 640
1023 4090486 640
1024 4091127 624
1025 4091752 640
1026 4092393 631
1027 4093025 636
1028 4093662 644
1029 4094307 659
1030 4094967 651
1031 4095619 677
1032 4096297 649
1033 4096947 664
1034 4097612 654
1035 4098267 662
1036 4098930 684
1037 4099615 687
1038 4100303 669
1039 4100973 646
1040 4101620 677
1041 4102298 649
1042 4102948 651
1043 4103600 637
1044 4104238 666
1045 4104905 643
1046 4105549 651
1047 4106201 649
1048 4106851 684
1049 4107536 685
1050 4108222 707
1051 4108930 643
1052 4109574 657
1053 4110232 629
1054 4110862 674
1055 4111537 649
1056 4112187 685
1057 4112873 647
1058 4113521 636
1059 4114158 641
1060 4114800 638
1061 4115439 632
1062 4116072 638
1063 4116711 615
1064 4117327 637
1065 4117965 640
1066 4118606 642
1067 4119249 653
1068 4119903 628
1069 4120532 672
1070 4121205 706
1071 4121912 641
1072 4122554 676
1073 4123231 674
1074 4123906 639
1075 4124546 687
1076 4125234 678
1077 4125913 667
1078 4126581 663
1079 4127245 653
1080 4127899 676
1081 4128576 652
1082 4129229 669
1083 4129899 680
1084 4130580 662
1085 4131243 639
1086 4131883 664
1087 4132548 628
1088 4133177 649
1089 4133827 625
1090 4134453 615
1091 4135069 667
1092 4135737 621
1093 4136359 647
1094 4137007 640
1095 4137648 636
1096 4138285 627
1097 4138913 660
1098 4139574 715
1099 4140290 724
1100 4141015 725
1101 4141741 689
1102 4142431 658
1103 4143090 676
1104 4143767 610
1105 4144378 641
1106 4145020 644
1107 4145665 607
1108 4146273 623
1109 4146897 630
1110 4147528 641
1111 4148170 609
1112 4148780 583
1113 4149364 649
1114 4150014 620
1115 4150635 630
1116 4151266 615
1117 4151882 614
1118 4152497 605
1119 4153103 616
1120 4153720 619
1121 4154340 623
1122 4154964 647
1123 4155612 649
1124 4156262 645
1125 4156908 651
1126 4157560 636
1127 4158197 648
1128 4158846 644
1129 4159491 649
1130 4160141 632
1131 4160774 657
1132 4161432 640
1133 4162073 629
1134 4162703 656
1135 4163360 664
1136 4164025 608
1137 4164634 622
1138 4165257 675
1139 4165933 583
1140 4166517 618
1141 4167136 621
1142 4167758 631
1143 4168390 620
1144 4169011 614
1145 4169626 603
1146 4170230 611
1147 4170842 621
1148 4171464 612
1149 4172077 604
1150 4172682 623
1151 4173306 617
1152 4173924 620
1153 4174545 629
1154 4175175 620
1155 4175796 616
1156 4176413 603
1157 4177017 613
1158 4177631 613
1159 4178245 641
1160 4178887 608
1161 4179496 616
1162 4180113 620
1163 4180734 627
1164 4181362 620
1165 4181983 613
1166 4182597 619
1167 4183217 583
1168 4183801 603
1169 4184405 641
1170 4185047 690
1171 4185738 625
1172 4186364 616
1173 4186981 642
1174 4187624 606
1175 4188231 624
1176 4188856 640
1177 4189497 586
1178 4190084 618
1179 4190703 621
1180 4191325 629
1181 4191955 620
1182 4192576 612
1183 4193189 602
1184 4193792 642
1185 4194435 625
1186 4195061 615
1187 4195677 642
1188 4196320 608
1189 4196929 622
1190 4197552 611
1191 4198164 642
1192 4198807 623
1193 4199431 620
1194 4200052 627
1195 4200680 619
1196 4201300 612
1197 4201913 601
1198 4202515 608
1199 4203124 650
1200 4203775 642
1201 4204418 627
1202 4205046 649
1203 4205696 618
1204 4206315 618
1205 4206934 621
1206 4207556 619
1207 4208176 642
1208 4208819 621
1209 4209441 607
1210 4210049 625
1211 4210675 640
1212 4211316 584
1213 4211901 642
1214 4212544 619
1215 4213164 627
1216 4213792 619
1217 4214412 611
1218 4215024 608
1219 4215633 618
1220 4216252 638
1221 4216891 644
1222 4217536 642
1223 4218179 644
1224 4218824 656
1225 4219481 629
1226 4220111 652
1227 4220764 642
1228 4221407 662
1229 4222070 629
1230 4222700 642
1231 4223343 613
1232 4223957 616
1233 4224574 638
1234 4225213 642
1235 4225856 620
1236 4226477 641
1237 4227119 642
1238 4227762 538
1239 4228301 622
1240 4228924 618
1241 4229543 623
1242 4230167 617
1243 4230785 665
1244 4231451 643
1245 4232095 616
1246 4232712 608
1247 4233321 649
1248 4233971 293
1249 4234265 271
1250 4234537 621
1251 4235159 638
1252 4235798 294
1253 4236093 277
1254 4236371 608
1255 4236980 618
1256 4237599 651
1257 4238251 655
1258 4238907 612
1259 4239520 642
1260 4240163 614
1261 4240778 608
1262 4241387 656
1263 4242044 609
1264 4242654 608
1265 4243263 623
1266 4243887 608
1267 4244496 613
1268 4245110 617
1269 4245728 660
1270 4246389 639
1271 4247029 3587
1272 4250617 3653
1273 4254271 1582
1274 4255854 997
1275 4256852 535
1276 4257388 4079
1277 4261468 4275
1278 4265744 710
1279 4266455 3753
1280 4270209 6286
1281 4276496 4326
1282 4280823 4110
1283 4284934 3478
1284 4288413 1111
1285 4289525 2299
1286 4291825 1256
1287 4293082 3079
1288 4296162 1835
1289 4297998 629
1290 4298628 3626
1291 4302255 6205
1292 4308461 1930
1293 4310392 2159
1294 4312552 1084
1295 4313637 1028
1296 4314666 2821
1297 4317488 1839
1298 4319328 8031
1299 4327360 5235
1300 4332596 5476
1301 4338073 6519
1302 4344593 1717
1303 4346311 3899
1304 4350211 4387
1305 4354599 2975
1306 4357575 9255
1307 4366831 6311
1308 4373143 2941
1309 4376085 4476
1310 4380562 7685
1311 4388248 2734
1312 4390983 7415
1313 4398399 1563
1314 4399963 6522
1315 4406486 9194
1316 4415681 2323
1317 4418005 4301
1318 4422307 6374
1319 4428682 624
1320 4429307 2776
1321 4432084 521
1322 4432606 2294
1323 4434901 8938
1324 4443840 6938
1325 4450779 9903
1326 4460683 10842
1327 4471526 11638
1328 4483165 1164
1329 4484330 2652
1330 4486983 3413
1331 4490397 7062
1332 4497460 1845
1333 4499306 2812
1334 4502119 3152
1335 4505272 8801
1336 4514074 6487
1337 4520562 2539
1338 4523102 3583
1339 4526686 2948
1340 4529635 3784
1341 4533420 919
1342 4534340 6675
1343 4541016 5344
1344 4546361 8277
1345 4554639 4878
1346 4559518 959
1347 4560478 6585
1348 4567064 4256
1349 4571321 2250
1350 4573572 5365
1351 4578938 2742
1352 4581681 3105
1353 4584787 2690
1354 4587478 722
1355 4588201 5947
1356 4594149 3323
1357 4597473 8940
1358 4606414 4012
1359 4610427 2038
1360 4612466 3419
1361 4615886 7585
1362 4623472 2629
1363 4626102 2726
1364 4628829 9657
1365 4638487 19334
1366 4657822 3699
1367 4661522 4685
1368 4666208 9629
1369 4675838 9636
1370 4685475 11528
1371 4697004 2152
1372 4699157 4795
1373 4703953 3017
1374 4706971 1647
1375 4708619 5785
1376 4714405 2030
1377 4716436 1922
1378 4718359 8391
1379 4726751 8794
1380 4735546 2757
1381 4738304 4492
1382 4742797 3147
1383 4745945 1943
1384 4747889 10648
1385 4758538 6281
1386 4764820 4882
1387 4769703 5305
1388 4775009 1319
1389 4776329 1855
1390 4778185 3604
1391 4781790 3703
1392 4785494 2532
1393 4788027 7687
1394 4795715 7004
1395 4802720 4802
1396 4807523 2696
1397 4810220 2077
1398 4812298 3129
1399 4815428 800
1400 4816229 7180
1401 4823410 945
1402 4824356 3146
1403 4827503 2383
1404 4829887 2672
1405 4832560 2548
1406 4835109 4069
1407 4839179 2040
1408 4841220 1860
1409 4843081 4434
1410 4847516 1421
1411 4848938 4423
1412 4853362 3880
1413 4857243 5679
1414 4862923 6663
1415 4869587 4529
1416 4874117 1268
1417 4875386 2847
1418 4878234 6442
1419 4884677 2537
1420 4887215 3446
1421 4890662 2711
1422 4893374 2275
1423 4895650 10498
1424 4906149 762
1425 4906912 9114
1426 4916027 2203
1427 4918231 2519
1428 4920751 2389
1429 4923141 2368
1430 4925510 1345
1431 4926856 1134
1432 4927991 2944
1433 4930936 10170
1434 4941107 1275
1435 4942383 3967
1436 4946351 1123
1437 4947475 455
1438 4947931 10794
1439 4958726 1834
1440 4960561 3362
1441 4963924 3341
1442 4967266 3581
1443 4970848 9691
1444 4980540 2183
1445 4982724 1110
1446 4983835 779
1447 4984615 1053
1448 4985669 1831
1449 4987501 8520
1450 4996022 3454
1451 4999477 6344
1452 5005822 4813
1453 5010636 5609
1454 5016246 1705
1455 5017952 5359
1456 5023312 1690
1457 5025003 1709
1458 5026713 6801
1459 5033515 2783
1460 5036299 1495
1461 5037795 2065
1462 5039861 2579
1463 5042441 2576
1464 5045018 3779
1465 5048798 605
1466 5049404 639
1467 5050044 615
1468 5050660 585
1469 5051246 608
1470 5051855 671
1471 5052527 642
1472 5053170 652
1473 5053823 622
1474 5054446 617
1475 5055064 620
1476 5055685 620
1477 5056306 620
1478 5056927 617
1479 5057545 611
1480 5058157 622
1481 5058780 626
1482 5059407 621
1483 5060029 614
1484 5060644 667
1485 5061312 610
1486 5061923 353
1487 5062277 556
1488 5062834 623
1489 5063458 666
1490 5064125 619
1491 5064745 651
1492 5065397 636
1493 5066034 624
1494 5066659 644
1495 5067304 637
1496 5067942 647
1497 5068590 641
1498 5069232 620
1499 5069853 618
1500 5070472 601
1501 5071074 613
1502 5071688 620
1503 5072309 624
1504 5072934 622
1505 5073557 606
1506 5074164 609
1507 5074774 599
1508 5075374 623
1509 5075998 621
1510 5076620 603
1511 5077224 615
1512 5077840 620
1513 5078461 630
1514 5079092 620
1515 5079713 649
1516 5080363 606
1517 5080970 672
1518 5081643 596
1519 5082240 621
1520 5082862 659
1521 5083522 615
1522 5084138 646
1523 5084785 643
1524 5085429 675
1525 5086105 655
1526 5086761 632
1527 5087394 634
1528 5088029 634
1529 5088664 646
1530 5089311 645
1531 5089957 674
1532 5090632 610
1533 5091243 616
1534 5091860 620
1535 5092481 602
1536 5093084 614
1537 5093699 620
1538 5094320 674
1539 5094995 605
1540 5095601 618
1541 5096220 626
1542 5096847 638
1543 5097486 601
1544 5098088 615
1545 5098704 615
1546 5099320 627
1547 5099948 624
1548 5100573 636
1549 5101210 632
1550 5101843 622
1551 5102466 604
1552 5103071 626
1553 5103698 643
1554 5104342 642
1555 5104985 585
1556 5105571 644
1557 5106216 604
1558 5106821 622
1559 5107444 607
1560 5108052 609
1561 5108662 642
1562 5109305 620
1563 5109926 679
1564 5110606 624
1565 5111231 640
1566 5111872 654
1567 5112527 640
1568 5113168 623
1569 5113792 642
1570 5114435 646
1571 5115082 631
1572 5115714 644
1573 5116359 641
1574 5117001 8495
1575 5125497 4214
1576 5129712 3215
1577 5132928 12847
1578 5145776 4564
1579 5150341 2361
1580 5152703 2417
1581 5155121 649
1582 5155771 1366
1583 5157138 10072
1584 5167211 21751
1585 5188963 861
1586 5189825 3503
1587 5193329 1412
1588 5194742 1057
1589 5195800 5749
1590 5201550 1202
1591 5202753 900
1592 5203654 10810
1593 5214465 1345
1594 5215811 17715
1595 5233527 9463
1596 5242991 2833
1597 5245825 1345
1598 5247171 4588
1599 5251760 5945
1600 5257706 1049
1601 5258756 2291
1602 5261048 8155
1603 5269204 3244
1604 5272449 1831
1605 5274281 519
1606 5274801 1537
1607 5276339 2265
1608 5278605 3797
1609 5282403 5923
1610 5288327 1319
1611 5289647 3157
1612 5292805 1229
1613 5294035 1303
1614 5295339 1093
1615 5296433 5525
1616 5301959 919
1617 5302879 4353
1618 5307233 332
1619 5307566 8864
1620 5316431 3579
1621 5320011 1595
1622 5321607 1327
1623 5322935 6384
1624 5329320 4061
1625 5333382 1239
1626 5334622 2932
1627 5337555 2645
1628 5340201 1768
1629 5341970 4099
1630 5346070 12805
1631 5358876 655
1632 5359532 692
1633 5360225 2616
1634 5362842 648
1635 5363491 2719
1636 5366211 679
1637 5366891 3565
1638 5370457 3463
1639 5373921 654
1640 5374576 630
1641 5375207 656
1642 5375864 654
1643 5376519 4167
1644 5380687 673
1645 5381361 661
1646 5382023 3788
1647 5385812 652
1648 5386465 646
1649 5387112 3063
1650 5390176 703
1651 5390880 1683
1652 5392564 4298
1653 5396863 645
1654 5397509 3991
1655 5401501 4153
1656 5405655 3537
1657 5409193 3637
1658 5412831 3799
1659 5416631 3998
1660 5420630 3465
1661 5424096 3757
1662 5427854 664
1663 5428519 618
1664 5429138 676
1665 5429815 654
1666 5430470 689
1667 5431160 675
1668 5431836 3084
1669 5434921 658
1670 5435580 3126
1671 5438707 653
1672 5439361 4055
1673 5443417 690
1674 5444108 3261
1675 5447370 704
1676 5448075 628
1677 5448704 3401
1678 5452106 637
1679 5452744 676
1680 5453421 3447
1681 5456869 657
1682 5457527 3509
1683 5461037 656
1684 5461694 664
1685 5462359 4667
1686 5467027 693
1687 5467721 1504
1688 5469226 655
1689 5469882 3407
1690 5473290 673
1691 5473964 685
1692 5474650 652
1693 5475303 662
1694 5475966 700
1695 5476667 704
1696 5477372 652
1697 5478025 5059
1698 5483085 649
1699 5483735 3283
1700 5487019 638
1701 5487658 642
1702 5488301 3724
1703 5492026 3474
1704 5495501 2730
1705 5498232 3232
1706 5501465 3640
1707 5505106 3189
1708 5508296 3544
1709 5511841 18933
1710 5530775 4510
1711 5535286 3775
1712 5539062 3615
1713 5542678 664
1714 5543343 685
1715 5544029 4323
1716 5548353 1232
1717 5549586 688
1718 5550275 926
1719 5551202 2954
1720 5554157 651
1721 5554809 4065
1722 5558875 676
1723 5559552 3543
1724 5563096 668
1725 5563765 680
1726 5564446 3522
1727 5567969 664
1728 5568634 2606
1729 5571241 663
1730 5571905 1103
1731 5573009 688
1732 5573698 4216
1733 5577915 644
1734 5578560 19808
1735 5598369 677
1736 5599047 3323
1737 5602371 660
1738 5603032 4809
1739 5607842 688
1740 5608531 3309
1741 5611841 696
1742 5612538 3269
1743 5615808 3641
1744 5619450 654
1745 5620105 413
1746 5620519 677
1747 5621197 423
1748 5621621 641
1749 5622263 439
1750 5622703 647
1751 5623351 483
1752 5623835 642
1753 5624478 453
1754 5624932 641
1755 5625574 461
1756 5626036 683
1757 5626720 485
1758 5627206 521
1759 5627728 469
1760 5628198 499
1761 5628698 475
1762 5629174 467
1763 5629642 483
1764 5630126 451
1765 5630578 519
1766 5631098 5663
1767 5636762 659
1768 5637422 2547
1769 5639970 639
1770 5640610 8577
1771 5649188 648
1772 5649837 7400
1773 5657238 2414
1774 5659653 689
1775 5660343 1458
1776 5661802 704
1777 5662507 1638
1778 5664146 678
1779 5664825 2671
1780 5667497 644
1781 5668142 2579
1782 5670722 654
1783 5671377 2250
1784 5673628 675
1785 5674304 3061
1786 5677366 638
1787 5678005 2067
1788 5680073 677
1789 5680751 2985
1790 5683737 634
1791 5684372 6953
1792 5691326 650
1793 5691977 6359
1794 5698337 662
1795 5699000 6891
1796 5705892 647
1797 5706540 6770
1798 5713311 660
1799 5713972 3942
1800 5717915 8123
1801 5726039 644
1802 5726684 7784
1803 5734469 637
1804 5735107 3114
1805 5738222 677
1806 5738900 1797
1807 5740698 647
1808 5741346 2981
1809 5744328 662
1810 5744991 1613
1811 5746605 639
1812 5747245 3023
1813 5750269 3434
1814 5753704 648
1815 5754353 1858
1816 5756212 665
1817 5756878 1525
1818 5758404 650
1819 5759055 4769
1820 5763825 660
1821 5764486 1742
1822 5766229 698
1823 5766928 1516
1824 5768445 693
1825 5769139 2462
1826 5771602 704
1827 5772307 3613
1828 5775921 646
1829 5776568 2061
1830 5778630 1456
1831 5780087 675
1832 5780763 2809
1833 5783573 644
1834 5784218 7815
1835 5792034 3330
1836 5795365 638
1837 5796004 3623
1838 5799628 669
1839 5800298 8872
1840 5809171 628
1841 5809800 3731
1842 5813532 634
1843 5814167 2822
1844 5816990 657
1845 5817648 2199
1846 5819848 637
1847 5820486 3565
1848 5824052 655
1849 5824708 3492
1850 5828201 642
1851 5828844 2068
1852 5830913 669
1853 5831583 1597
1854 5833181 633
1855 5833815 1791
1856 5835607 683
1857 5836291 6357
1858 5842649 667
1859 5843317 3196
1860 5846514 646
1861 5847161 2232
1862 5849394 1857
1863 5851252 642
1864 5851895 3419
1865 5855315 648
1866 5855964 5501
1867 5861466 2002
1868 5863469 670
1869 5864140 4147
1870 5868288 2711
1871 5871000 649
1872 5871650 3754
1873 5875405 661
1874 5876067 1743
1875 5877811 1534
1876 5879346 1543
1877 5880890 680
1878 5881571 1615
1879 5883187 642
1880 5883830 3645
1881 5887476 634
1882 5888111 2730
1883 5890842 3957
1884 5894800 653
1885 5895454 2376
1886 5897831 646
1887 5898478 2390
1888 5900869 671
1889 5901541 2584
1890 5904126 661
1891 5904788 2367
1892 5907156 2529
1893 5909686 677
1894 5910364 23248
1895 5933613 3209
1896 5936823 3611
1897 5940435 648
1898 5941084 6313
1899 5947398 695
1900 5948094 3082
1901 5951177 694
1902 5951872 3290
1903 5955163 687
1904 5955851 3403
1905 5959255 703
1906 5959959 5230
1907 5965190 706
1908 5965897 1605
1909 5967503 680
1910 5968184 2582
1911 5970767 3412
1912 5974180 676
1913 5974857 2443
1914 5977301 693
1915 5977995 1071
1916 5979067 678
1917 5979746 2354
1918 5982101 663
1919 5982765 5074
1920 5987840 4218
1921 5992059 628
1922 5992688 3768
1923 5996457 2630
1924 5999088 649
1925 5999738 5411
1926 6005150 2518
1927 6007669 3780
1928 6011450 671
1929 6012122 1090
1930 6013213 650
1931 6013864 5305
1932 6019170 658
1933 6019829 1433
1934 6021263 1205
1935 6022469 2035
1936 6024505 663
1937 6025169 7434
1938 6032604 623
1939 6033228 3320
1940 6036549 2528
1941 6039078 6707
1942 6045786 652
1943 6046439 8213
1944 6054653 3709
1945 6058363 5014
1946 6063378 3494
1947 6066873 1882
1948 6068756 985
1949 6069742 1404
1950 6071147 1163
1951 6072311 2092
1952 6074404 1292
1953 6075697 1731
1954 6077429 1801
1955 6079231 2175
1956 6081407 1797
1957 6083205 7660
1958 6090866 18348
1959 6109215 3872
1960 6113088 4404
1961 6117493 3339
1962 6120833 3542
1963 6124376 10506
1964 6134883 4058
1965 6138942 1212
1966 6140155 887
1967 6141043 1499
1968 6142543 960
1969 6143504 1968
1970 6145473 4457
1971 6149931 1625
1972 6151557 6237
1973 6157795 7693
1974 6165489 1988
1975 6167478 3998
1976 6171477 2668
1977 6174146 4766
1978 6178913 8843
1979 6187757 4972
1980 6192730 7970
1981 6200701 4780
1982 6205482 10034
1983 6215517 2207
1984 6217725 1612
1985 6219338 2096
1986 6221435 1871
1987 6223307 2432
1988 6225740 2890
1989 6228631 2578
1990 6231210 13297
1991 6244508 2485
1992 6246994 2256
1993 6249251 3082
1994 6252334 10156
1995 6262491 4716
1996 6267208 6996
1997 6274205 3656
1998 6277862 3423
1999 6281286 2843
2000 6284130 5874
2001 6290005 3080
2002 6293086 5855
2003 6298942 4769
2004 6303712 13731
2005 6317444 3827
2006 6321272 2966
2007 6324239 1620
2008 6325860 8105
2009 6333966 5688
2010 6339655 12499
2011 6352155 3812
2012 6355968 2201
2013 6358170 5464
2014 6363635 7924
2015 6371560 10139
2016 6381700 3599
2017 6385300 3385
2018 6388686 2181
2019 6390868 3780
2020 6394649 2027
2021 6396677 1480
2022 6398158 7375
2023 6405534 1017
2024 6406552 941
2025 6407494 3275
2026 6410770 1822
2027 6412593 4058
2028 6416652 4024
2029 6420677 1394
2030 6422072 4917
2031 6426990 2599
2032 6429590 1750
2033 6431341 1973
2034 6433315 1482
2035 6434798 1295
2036 6436094 5517
2037 6441612 1240
2038 6442853 1956
2039 6444810 2664
2040 6447475 2420
2041 6449896 1216
2042 6451113 6820
2043 6457934 3169
2044 6461104 2596
2045 6463701 5244
2046 6468946 1917
2047 6470864 2572
2048 6473437 4777
2049 6478215 4730
2050 6482946 4489
2051 6487436 3090
2052 6490527 7697
2053 6498225 5815
2054 6504041 3531
2055 6507573 3346
2056 6510920 2368
2057 6513289 3497
2058 6516787 2177
2059 6518965 2042
2060 6521008 9191
2061 6530200 5412
2062 6535613 7528
2063 6543142 5444
2064 6548587 4862
2065 6553450 8270
2066 6561721 11955
2067 6573677 6335
2068 6580013 1436
2069 6581450 1861
2070 6583312 979
2071 6584292 5303
2072 6589596 2956
2073 6592553 674
2074 6593228 4194
2075 6597423 819
2076 6598243 3152
2077 6601396 737
2078 6602134 924
2079 6603059 4232
2080 6607292 3674
2081 6610967 1279
2082 6612247 1811
2083 6614059 1152
2084 6615212 1640
2085 6616853 882
2086 6617736 2502
2087 6620239 4388
2088 6624628 4686
2089 6629315 1114
2090 6630430 2246
2091 6632677 960
2092 6633638 1976
2093 6635615 1197
2094 6636813 1487
2095 6638301 558
2096 6638860 3969
2097 6642830 1452
2098 6644283 4815
2099 6649099 2486
2100 6651586 2070
2101 6653657 2492
2102 6656150 2243
2103 6658394 3488
2104 6661883 1676
2105 6663560 1126
2106 6664687 2610
2107 6667298 2029
2108 6669328 1899
2109 6671228 4294
2110 6675523 14600
2111 6690124 2126
2112 6692251 6589
2113 6698841 13732
2114 6712574 9063
2115 6721638 3707
2116 6725346 4608
2117 6729955 3641
2118 6733597 5673
2119 6739271 1692
2120 6740964 3988
2121 6744953 1893
2122 6746847 9765
2123 6756613 6488
2124 6763102 2454
2125 6765557 4530
2126 6770088 7552
2127 6777641 2087
2128 6779729 3706
2129 6783436 4314
2130 6787751 1087
2131 6788839 2215
2132 6791055 466
2133 6791522 3157
2134 6794680 2105
2135 6796786 10188
2136 6806975 1121
2137 6808097 1337
2138 6809435 5176
2139 6814612 6649
2140 6821262 7820
2141 6829083 1412
2142 6830496 1766
2143 6832263 2240
2144 6834504 3408
2145 6837913 1952
2146 6839866 2096
2147 6841963 6043
2148 6848007 2070
2149 6850078 1451
2150 6851530 1101
2151 6852632 3172
2152 6855805 6309
2153 6862115 1978
2154 6864094 2386
2155 6866481 2603
2156 6869085 2607
2157 6871693 3597
2158 6875291 1407
2159 6876699 8490
2160 6885190 3904
2161 6889095 10440
2162 6899536 7197
2163 6906734 3354
2164 6910089 6490
2165 6916580 4367
2166 6920948 4656
2167 6925605 2988
2168 6928594 1315
2169 6929910 3068
2170 6932979 1951
2171 6934931 1664
2172 6936596 1710
2173 6938307 3348
2174 6941656 2059
2175 6943716 2124
2176 6945841 978
2177 6946820 1888
2178 6948709 3952
2179 6952662 2193
2180 6954856 5393
2181 6960250 1739
2182 6961990 1891
2183 6963882 2539
2184 6966422 2189
2185 6968612 2181
2186 6970794 1788
2187 6972583 2378
2188 6974962 4949
2189 6979912 1623
2190 6981536 13670
2191 6995207 971
2192 6996179 14500
2193 7010680 1849
2194 7012530 1600
2195 7014131 1090
2196 7015222 1512
2197 7016735 1759
2198 7018495 6073
2199 7024569 2983
2200 7027553 3073
2201 7030627 2381
2202 7033009 1949
2203 7034959 2845
2204 7037805 5398
2205 7043204 15387
2206 7058592 7234
2207 7065827 3350
2208 7069178 3229
2209 7072408 2535
2210 7074944 2955
2211 7077900 1337
2212 7079238 2292
2213 7081531 5268
2214 7086800 1606
2215 7088407 1291
2216 7089699 1985
2217 7091685 2598
2218 7094284 1490
2219 7095775 1389
2220 7097165 2485
2221 7099651 5127
2222 7104779 7820
2223 7112600 11003
2224 7123604 1828
2225 7125433 7263
2226 7132697 3684
2227 7136382 7922
2228 7144305 474
2229 7144780 2490
2230 7147271 3077
2231 7150349 3875
2232 7154225 745
2233 7154971 867
2234 7155839 5668
2235 7161508 1480
2236 7162989 2134
2237 7165124 2614
2238 7167739 3662
2239 7171402 3266
2240 7174669 2082
2241 7176752 4822
2242 7181575 10138
2243 7191714 583
2244 7192298 3160
2245 7195459 3449
2246 7198909 3759
2247 7202669 9852
2248 7212522 1627
2249 7214150 3119
2250 7217270 3664
2251 7220935 1978
2252 7222914 4390
2253 7227305 1360
2254 7228666 9449
2255 7238116 4572
2256 7242689 2577
2257 7245267 3571
2258 7248839 1799
2259 7250639 1479
2260 7252119 1501
2261 7253621 4712
2262 7258334 2887
2263 7261222 8555
2264 7269778 5302
2265 7275081 3037
2266 7278119 7120
2267 7285240 1190
2268 7286431 2797
2269 7289229 2584
2270 7291814 1944
2271 7293759 520
2272 7294280 8395
2273 7302676 9762
2274 7312439 4622
2275 7317062 9588
2276 7326651 12836
2277 7339488 4681
2278 7344170 10949
2279 7355120 5100
2280 7360221 1746
2281 7361968 3805
2282 7365774 4756
2283 7370531 3699
2284 7374231 10707
2285 7384939 9905
2286 7394845 6839
2287 7401685 6100
2288 7407786 5796
2289 7413583 3898
2290 7417482 3494
2291 7420977 3833
2292 7424811 3323
2293 7428135 12267
2294 7440403 12834
2295 7453238 4220
2296 7457459 2852
2297 7460312 5563
2298 7465876 15909
2299 7481786 4284
2300 7486071 708
2301 7486780 1193
2302 7487974 4401
2303 7492376 4375
2304 7496752 2080
2305 7498833 13029
2306 7511863 8825
2307 7520689 7738
2308 7528428 10689
2309 7539118 6996
2310 7546115 8939
2311 7555055 2333
2312 7557389 8155
2313 7565545 8287
2314 7573833 3888
2315 7577722 5748
2316 7583471 13735
2317 7597207 520
2318 7597728 1524
2319 7599253 3079
2320 7602333 3754
2321 7606088 2422
2322 7608511 2047
2323 7610559 2517
2324 7613077 3443
2325 7616521 2469
2326 7618991 2524
2327 7621516 20273
2328 7641790 8404
2329 7650195 4377
2330 7654573 4481
2331 7659055 4150
2332 7663206 1540
2333 7664747 4492
2334 7669240 1370
2335 7670611 1188
2336 7671800 1486
2337 7673287 7434
2338 7680722 2186
2339 7682909 18033
2340 7700943 8886
2341 7709830 5683
2342 7715514 4031
2343 7719546 3568
2344 7723115 2060
2345 7725176 16380
2346 7741557 4467
2347 7746025 1160
2348 7747186 1934
2349 7749121 1360
2350 7750482 8183
2351 7758666 5179
2352 7763846 6851
2353 7770698 1936
2354 7772635 8212
2355 7780848 7569
2356 7788418 8513
2357 7796932 4985
2358 7801918 15099
2359 7817018 7549
2360 7824568 5089
2361 7829658 1377
2362 7831036 1578
2363 7832615 2160
2364 7834776 825
2365 7835602 6379
2366 7841982 2140
2367 7844123 8305
2368 7852429 4231
2369 7856661 1884
2370 7858546 5245
2371 7863792 5477
2372 7869270 9124
2373 7878395 4700
2374 7883096 9533
2375 7892630 3780
2376 7896411 1081
2377 7897493 1433
2378 7898927 1366
2379 7900294 9087
2380 7909382 304
2381 7909687 1736
2382 7911424 776
2383 7912201 1463
2384 7913665 12561
2385 7926227 8041
2386 7934269 4086
2387 7938356 5008
2388 7943365 4471
2389 7947837 8948
2390 7956786 7004
2391 7963791 4917
2392 7968709 1655
2393 7970365 1589
2394 7971955 2032
2395 7973988 1337
2396 7975326 501
2397 7975828 1350
2398 7977179 2292
2399 7979472 1533
2400 7981006 11553
2401 7992560 2048
2402 7994609 811
2403 7995421 913
2404 7996335 1054
2405 7997390 1819
2406 7999210 710
2407 7999921 11566
2408 8011488 1777
2409 8013266 2959
2410 8016226 3740
2411 8019967 944
2412 8020912 2204
2413 8023117 1223
2414 8024341 4757
2415 8029099 305
2416 8029405 7050
2417 8036456 1037
2418 8037494 1776
2419 8039271 438
2420 8039710 4237
2421 8043948 515
2422 8044464 1481
2423 8045946 2120
2424 8048067 2790
2425 8050858 3170
2426 8054029 1370
2427 8055400 1528
2428 8056929 1130
2429 8058060 1445
2430 8059506 2344
2431 8061851 585
2432 8062437 2686
2433 8065124 6441
2434 8071566 1228
2435 8072795 4831
2436 8077627 770
2437 8078398 503
2438 8078902 1314
2439 8080217 2990
2440 8083208 1647
2441 8084856 3529
2442 8088386 1001
2443 8089388 3534
2444 8092923 6674
2445 8099598 1240
2446 8100839 1479
2447 8102319 2561
2448 8104881 7410
2449 8112292 1330
2450 8113623 8144
2451 8121768 1192
2452 8122961 2493
2453 8125455 1233
2454 8126689 1284
2455 8127974 2618
2456 8130593 3123
2457 8133717 1335
2458 8135053 3913
2459 8138967 888
2460 8139856 1279
2461 8141136 4572
2462 8145709 324
2463 8146034 1010
2464 8147045 2662
2465 8149708 1076
2466 8150785 1488
2467 8152274 2184
2468 8154459 1495
2469 8155955 1522
2470 8157478 356
2471 8157835 2596
2472 8160432 2626
2473 8163059 4952
2474 8168012 2142
2475 8170155 1820
2476 8171976 4217
2477 8176194 1076
2478 8177271 4550
2479 8181822 1773
2480 8183596 1197
2481 8184794 1473
2482 8186268 1367
2483 8187636 8920
2484 8196557 708
2485 8197266 4370
2486 8201637 1448
2487 8203086 8069
2488 8211156 5268
2489 8216425 684
2490 8217110 6072
2491 8223183 923
2492 8224107 15707
2493 8239815 5689
2494 8245505 789
2495 8246295 6273
2496 8252569 8011
2497 8260581 937
2498 8261519 11600
2499 8273120 4320
2500 8277441 3884
2501 8281326 3290
2502 8284617 14179
2503 8298797 3697
2504 8302495 8099
2505 8310595 1689
2506 8312285 3118
2507 8315404 2933
2508 8318338 5372
2509 8323711 5132
2510 8328844 3739
2511 8332584 25795
2512 8358380 4428
2513 8362809 6337
2514 8369147 11440
2515 8380588 1337
2516 8381926 6667
2517 8388594 1629
2518 8390224 1041
2519 8391266 668
2520 8391935 2823
2521 8394759 3396
2522 8398156 7141
2523 8405298 4072
2524 8409371 2678
2525 8412050 4680
2526 8416731 8012
2527 8424744 9158
2528 8433903 2092
2529 8435996 3448
2530 8439445 1526
2531 8440972 528
2532 8441501 7331
2533 8448833 3185
2534 8452019 821
2535 8452841 481
2536 8453323 5473
2537 8458797 13545
2538 8472343 19495
2539 8491839 11282
2540 8503122 7371
2541 8510494 8436
2542 8518931 8744
2543 8527676 15997
2544 8543674 9242
2545 8552917 11257
2546 8564175 9068
2547 8573244 1066
2548 8574311 1288
2549 8575600 7395
2550 8582996 3605
2551 8586602 11186
2552 8597789 4321
2553 8602111 12293
2554 8614405 1747
2555 8616153 720
2556 8616874 982
2557 8617857 621
2558 8618479 846
2559 8619326 3104
2560 8622431 1303
2561 8623735 10084
2562 8633820 4012
2563 8637833 660
2564 8638494 741
2565 8639236 10993
2566 8650230 5321
2567 8655552 1010
2568 8656563 1019
2569 8657583 1081
2570 8658665 2472
2571 8661138 1506
2572 8662645 7001
2573 8669647 3948
2574 8673596 8838
2575 8682435 728
2576 8683164 1099
2577 8684264 4185
2578 8688450 6158
2579 8694609 3669
2580 8698279 4364
2581 8702644 1852
2582 8704497 4388
2583 8708886 4537
2584 8713424 4591
2585 8718016 5494
2586 8723511 1779
2587 8725291 1128
2588 8726420 4037
2589 8730458 9612
2590 8740071 5813
2591 8745885 2850
2592 8748736 3225
2593 8751962 706
2594 8752669 1797
2595 8754467 9096
2596 8763564 3669
2597 8767234 12267
2598 8779502 14645
2599 8794148 3885
2600 8798034 4395
2601 8802430 12424
2602 8814855 4029
2603 8818885 3704
2604 8822590 26079
2605 8848670 2590
2606 8851261 12211
2607 8863473 5521
2608 8868995 2311
2609 8871307 2774
2610 8874082 1385
2611 8875468 5520
2612 8880989 662
2613 8881652 3790
2614 8885443 1140
2615 8886584 707
2616 8887292 1174
2617 8888467 9734
2618 8898202 9693
2619 8907896 6418
2620 8914315 6296
2621 8920612 6790
2622 8927403 6010
2623 8933414 1768
2624 8935183 2903
2625 8938087 1418
2626 8939506 9027
2627 8948534 6703
2628 8955238 3268
2629 8958507 6465
2630 8964973 1686
2631 8966660 6072
2632 8972733 6091
2633 8978825 3041
2634 8981867 4305
2635 8986173 10741
2636 8996915 5730
2637 9002646 6352
2638 9008999 6210
2639 9015210 760
2640 9015971 3223
2641 9019195 755
2642 9019951 18364
2643 9038316 2822
2644 9041139 2358
2645 9043498 3021
2646 9046520 1630
2647 9048151 532
2648 9048684 13749
2649 9062434 1879
2650 9064314 3337
2651 9067652 1819
2652 9069472 2406
2653 9071879 6562
2654 9078442 585
2655 9079028 1403
2656 9080432 4165
2657 9084598 2683
2658 9087282 1848
2659 9089131 3026
2660 9092158 1228
2661 9093387 1810
2662 9095198 7671
2663 9102870 19447
2664 9122318 2064
2665 9124383 6733
2666 9131117 5476
2667 9136594 5659
2668 9142254 5601
2669 9147856 8950
2670 9156807 1696
2671 9158504 1759
2672 9160264 1554
2673 9161819 2652
2674 9164472 6877
2675 9171350 2958
2676 9174309 1859
2677 9176169 913
2678 9177083 1211
2679 9178295 2937
2680 9181233 2190
2681 9183424 348
2682 9183773 1511
2683 9185285 1212
2684 9186498 6772
2685 9193271 5800
2686 9199072 2072
2687 9201145 3610
2688 9204756 5497
2689 9210254 1410
2690 9211665 1028
2691 9212694 2874
2692 9215569 2675
2693 9218245 3139
2694 9221385 1558
2695 9222944 2070
2696 9225015 6245
2697 9231261 1982
2698 9233244 2226
2699 9235471 1616
2700 9237088 2600
2701 9239689 8771
2702 9248461 1214
2703 9249676 2992
2704 9252669 899
2705 9253569 1486
2706 9255056 2767
2707 9257824 921
2708 9258746 1435
2709 9260182 2780
2710 9262963 1288
2711 9264252 3033
2712 9267286 5116
2713 9272403 1422
2714 9273826 1234
2715 9275061 2822
2716 9277884 1704
2717 9279589 7947
2718 9287537 1326
2719 9288864 1257
2720 9290122 1279
2721 9291402 2650
2722 9294053 5742
2723 9299796 1496
2724 9301293 2894
2725 9304188 2232
2726 9306421 5710
2727 9312132 3803
2728 9315936 1430
2729 9317367 1918
2730 9319286 1199
2731 9320486 934
2732 9321421 3744
2733 9325166 1999
2734 9327166 2552
2735 9329719 1553
2736 9331273 1947
2737 9333221 734
2738 9333956 2152
2739 9336109 4737
2740 9340847 2704
2741 9343552 4550
2742 9348103 4684
2743 9352788 559
2744 9353348 2955
2745 9356304 6588
2746 9362893 3633
2747 9366527 1843
2748 9368371 3820
2749 9372192 13765
2750 9385958 3916
2751 9389875 5397
2752 9395273 2612
2753 9397886 2248
2754 9400135 5927
2755 9406063 15848
2756 9421912 1790
2757 9423703 2089
2758 9425793 5590
2759 9431384 1770
2760 9433155 1016
2761 9434172 4476
2762 9438649 1461
2763 9440111 3632
2764 9443744 3387
2765 9447132 4034
2766 9451167 8950
2767 9460118 3034
2768 9463153 3610
2769 9466764 8935
2770 9475700 3068
2771 9478769 2514
2772 9481284 5876
2773 9487161 6621
2774 9493783 2069
2775 9495853 513
2776 9496367 5877
2777 9502245 674
2778 9502920 14600
2779 9517521 652
2780 9518174 654
2781 9518829 4243
2782 9523073 654
2783 9523728 3730
2784 9527459 649
2785 9528109 646
2786 9528756 1961
2787 9530718 3742
2788 9534461 800
2789 9535262 668
2790 9535931 5790
2791 9541722 4278
2792 9546001 641
2793 9546643 10125
2794 9556769 657
2795 9557427 2740
2796 9560168 640
2797 9560809 7280
2798 9568090 645
2799 9568736 1612
2800 9570349 4093
2801 9574443 645
2802 9575089 657
2803 9575747 1271
2804 9577019 646
2805 9577666 7260
2806 9584927 663
2807 9585591 5766
2808 9591358 634
2809 9591993 1839
2810 9593833 659
2811 9594493 8563
2812 9603057 6221
2813 9609279 642
2814 9609922 4120
2815 9614043 677
2816 9614721 4581
2817 9619303 647
2818 9619951 3299
2819 9623251 693
2820 9623945 1479
2821 9625425 674
2822 9626100 2129
2823 9628230 656
2824 9628887 2153
2825 9631041 653
2826 9631695 4775
2827 9636471 661
2828 9637133 6517
2829 9643651 654
2830 9644306 4363
2831 9648670 679
2832 9649350 5523
2833 9654874 647
2834 9655522 2231
2835 9657754 628
2836 9658383 7971
2837 9666355 693
2838 9667049 4543
2839 9671593 656
2840 9672250 4890
2841 9677141 674
2842 9677816 4297
2843 9682114 654
2844 9682769 3428
2845 9686198 661
2846 9686860 3643
2847 9690504 623
2848 9691128 4152
2849 9695281 658
2850 9695940 1056
2851 9696997 678
2852 9697676 4791
2853 9702468 648
2854 9703117 692
2855 9703810 5137
2856 9708948 650
2857 9709599 11589
2858 9721189 3469
2859 9724659 4579
2860 9729239 5922
2861 9735162 3499
2862 9738662 3137
2863 9741800 1648
2864 9743449 1543
2865 9744993 654
2866 9745648 678
2867 9746327 3975
2868 9750303 698
2869 9751002 3536
2870 9754539 666
2871 9755206 650
2872 9755857 6229
2873 9762087 689
2874 9762777 5459
2875 9768237 7943
2876 9776181 688
2877 9776870 9679
2878 9786550 691
2879 9787242 8425
2880 9795668 659
2881 9796328 9408
2882 9805737 653
2883 9806391 6547
2884 9812939 671
2885 9813611 2682
2886 9816294 652
2887 9816947 3565
2888 9820513 656
2889 9821170 2896
2890 9824067 3912
2891 9827980 693
2892 9828674 2154
2893 9830829 659
2894 9831489 456
2895 9831946 2874
2896 9834821 3368
2897 9838190 3675
2898 9841866 6446
2899 9848313 6784
2900 9855098 8406
2901 9863505 2279
2902 9865785 9058
2903 9874844 655
2904 9875500 5540
2905 9881041 1758
2906 9882800 709
2907 9883510 3387
2908 9886898 631
2909 9887530 2907
2910 9890438 1580
2911 9892019 623
2912 9892643 2871
2913 9895515 628
2914 9896144 6410
2915 9902555 682
2916 9903238 4205
2917 9907444 9521
2918 9916966 693
2919 9917660 2929
2920 9920590 654
2921 9921245 7184
2922 9928430 673
2923 9929104 1019
2924 9930124 650
2925 9930775 6326
2926 9937102 659
2927 9937762 5148
2928 9942911 1667
2929 9944579 5320
2930 9949900 4714
2931 9954615 5155
2932 9959771 3377
2933 9963149 3593
2934 9966743 2211
2935 9968955 2033
2936 9970989 3628
2937 9974618 11535
2938 9986154 9515
2939 9995670 8071
2940 10003742 6880
2941 10010623 8319
2942 10018943 14095
2943 10033039 1379
2944 10034419 3801
2945 10038221 3979
2946 10042201 6376
2947 10048578 7900
2948 10056479 2153
2949 10058633 3913
2950 10062547 7539
2951 10070087 9601
2952 10079689 1758
2953 10081448 15710
2954 10097159 6422
2955 10103582 3481
2956 10107064 1153
2957 10108218 1735
2958 10109954 2410
2959 10112365 9772
2960 10122138 4655
2961 10126794 4613
2962 10131408 1071
2963 10132480 1465
2964 10133946 6568
2965 10140515 8116
2966 10148632 1397
2967 10150030 7009
2968 10157040 5700
2969 10162741 793
2970 10163535 1375
2971 10164911 1624
2972 10166536 5397
2973 10171934 1143
2974 10173078 9301
2975 10182380 1752
2976 10184133 15316
2977 10199450 1735
2978 10201186 1712
2979 10202899 2146
2980 10205046 2283
2981 10207330 2419
2982 10209750 6083
2983 10215834 1441
2984 10217276 2349
2985 10219626 1506
2986 10221133 4880
2987 10226014 1572
2988 10227587 4386
2989 10231974 3297
2990 10235272 6861
2991 10242134 3947
2992 10246082 1351
2993 10247434 1076
2994 10248511 3943
2995 10252455 1353
2996 10253809 1128
2997 10254938 3568
2998 10258507 7358
2999 10265866 4018
3000 10269885 5092
3001 10274978 1463
3002 10276442 5630
3003 10282073 2909
3004 10284983 3556
3005 10288540 4372
3006 10292913 2367
3007 10295281 925
3008 10296207 6913
3009 10303121 5127
3010 10308249 3660
3011 10311910 581
3012 10312492 3211
3013 10315704 8189
3014 10323894 5578
3015 10329473 1903
3016 10331377 3041
3017 10334419 3384
3018 10337804 7618
3019 10345423 10921
3020 10356345 1702
3021 10358048 2595
3022 10360644 2120
3023 10362765 1700
3024 10364466 2942
3025 10367409 2972
3026 10370382 6478
3027 10376861 1976
3028 10378838 5195
3029 10384034 6275
3030 10390310 8795
3031 10399106 1955
3032 10401062 2739
3033 10403802 4653
3034 10408456 1534
3035 10409991 668
3036 10410660 2199
3037 10412860 3856
3038 10416717 5254
3039 10421972 5868
3040 10427841 1503
3041 10429345 1682
3042 10431028 3597
3043 10434626 4144
3044 10438771 15488
3045 10454260 3380
3046 10457641 3727
3047 10461369 4776
3048 10466146 3412
3049 10469559 2501
3050 10472061 5464
3051 10477526 5374
3052 10482901 1774
3053 10484676 1894
3054 10486571 27042
3055 10513614 2281
3056 10515896 2100
3057 10517997 3165
3058 10521163 2190
3059 10523354 4410
3060 10527765 2938
3061 10530704 1095
3062 10531800 781
3063 10532582 2334
3064 10534917 4995
3065 10539913 1830
3066 10541744 1095
3067 10542840 2137
3068 10544978 2685
3069 10547664 1502
3070 10549167 4179
3071 10553347 1234
3072 10554582 1288
3073 10555871 1125
3074 10556997 1851
3075 10558849 2277
3076 10561127 5082
3077 10566210 1158
3078 10567369 981
3079 10568351 1266
3080 10569618 965
3081 10570584 1781
3082 10572366 1763
3083 10574130 3860
3084 10577991 4868
3085 10582860 3197
3086 10586058 3320
3087 10589379 1086
3088 10590466 1623
3089 10592090 2161
3090 10594252 880
3091 10595133 1366
3092 10596500 1403
3093 10597904 2708
3094 10600613 3353
3095 10603967 2981
3096 10606949 3232
3097 10610182 3991
3098 10614174 1603
3099 10615778 856
3100 10616635 1289
3101 10617925 2785
3102 10620711 1597
3103 10622309 2965
3104 10625275 1670
3105 10626946 5604
3106 10632551 5214
3107 10637766 1710
3108 10639477 1515
3109 10640993 2186
3110 10643180 1334
3111 10644515 1462
3112 10645978 2311
3113 10648290 1451
3114 10649742 2682
3115 10652425 1200
3116 10653626 1398
3117 10655025 2723
3118 10657749 6149
3119 10663899 1869
3120 10665769 2712
3121 10668482 854
3122 10669337 1901
3123 10671239 1282
3124 10672522 1794
3125 10674317 1522
3126 10675840 2048
3127 10677889 1488
3128 10679378 949
3129 10680328 4658
3130 10684987 3216
3131 10688204 2633
3132 10690838 1576
3133 10692415 1672
3134 10694088 2404
3135 10696493 1725
3136 10698219 1644
3137 10699864 1244
3138 10701109 5103
3139 10706213 1740
3140 10707954 1090
3141 10709045 30036
3142 10739082 2581
3143 10741664 3216
3144 10744881 2225
3145 10747107 2466
3146 10749574 1016
3147 10750591 3750
3148 10754342 6952
3149 10761295 1171
3150 10762467 1164
3151 10763632 1850
3152 10765483 1495
3153 10766979 1965
3154 10768945 5433
3155 10774379 996
3156 10775376 2134
3157 10777511 3960
3158 10781472 9647
3159 10791120 2428
3160 10793549 915
3161 10794465 1626
3162 10796092 957
3163 10797050 2057
3164 10799108 1464
3165 10800573 8354
3166 10808928 1465
3167 10810394 3073
3168 10813468 3673
3169 10817142 1030
3170 10818173 1347
3171 10819521 2352
3172 10821874 2700
3173 10824575 1159
3174 10825735 3162
3175 10828898 1507
3176 10830406 2548
3177 10832955 7846
3178 10840802 3115
3179 10843918 831
3180 10844750 3828
3181 10848579 866
3182 10849446 825
3183 10850272 1663
3184 10851936 1183
3185 10853120 1619
3186 10854740 1112
3187 10855853 1252
3188 10857106 4163
3189 10861270 2835
3190 10864106 1657
3191 10865764 5211
3192 10870976 2801
3193 10873778 671
3194 10874450 2642
3195 10877093 1172
3196 10878266 1928
3197 10880195 3358
3198 10883554 1724
3199 10885279 4839
3200 10890119 2330
3201 10892450 1693
3202 10894144 6037
3203 10900182 1190
3204 10901373 7622
3205 10908996 3115
3206 10912112 1163
3207 10913276 1177
3208 10914454 5240
3209 10919695 2793
3210 10922489 3527
3211 10926017 3088
3212 10929106 1744
3213 10930851 2430
3214 10933282 4450
3215 10937733 7404
3216 10945138 1857
3217 10946996 368
3218 10947365 2612
3219 10949978 4054
3220 10954033 4049
3221 10958083 5742
3222 10963826 1807
3223 10965634 8906
3224 10974541 3431
3225 10977973 2276
3226 10980250 4639
3227 10984890 6165
3228 10991056 4315
3229 10995372 10450
3230 11005823 5682
3231 11011506 2877
3232 11014384 5737
3233 11020122 6412
3234 11026535 9617
3235 11036153 4452
3236 11040606 6794
3237 11047401 7957
3238 11055359 1513
3239 11056873 2419
3240 11059293 4986
3241 11064280 2143
3242 11066424 10138
3243 11076563 1621
3244 11078185 3773
3245 11081959 2946
3246 11084906 3707
3247 11088614 2335
3248 11090950 3674
3249 11094625 2177
3250 11096803 10181
3251 11106985 6859
3252 11113845 3582
3253 11117428 6354
3254 11123783 2648
3255 11126432 2389
3256 11128822 1215
3257 11130038 3508
3258 11133547 4074
3259 11137622 898
3260 11138521 3552
3261 11142074 4233
3262 11146308 2558
3263 11148867 824
3264 11149692 531
3265 11150224 2243
3266 11152468 1784
3267 11154253 2103
3268 11156357 4180
3269 11160538 1420
3270 11161959 2514
3271 11164474 1061
3272 11165536 2383
3273 11167920 2280
3274 11170201 1560
3275 11171762 2532
3276 11174295 1671
3277 11175967 718
3278 11176686 1418
3279 11178105 1856
3280 11179962 2274
3281 11182237 1051
3282 11183289 2562
3283 11185852 804
3284 11186657 1099
3285 11187757 511
3286 11188269 3795
3287 11192065 3191
3288 11195257 1788
3289 11197046 3118
3290 11200165 1948
3291 11202114 2218
3292 11204333 1923
3293 11206257 1952
3294 11208210 3358
3295 11211569 945
3296 11212515 1075
3297 11213591 1855
3298 11215447 1562
3299 11217010 2431
3300 11219442 2904
3301 11222347 1373
3302 11223721 1742
3303 11225464 2490
3304 11227955 2491
3305 11230447 1529
3306 11231977 1796
3307 11233774 1075
3308 11234850 1241
3309 11236092 4031
3310 11240124 3414
3311 11243539 820
3312 11244360 6411
3313 11250772 3268
3314 11254041 867
3315 11254909 1612
3316 11256522 868
3317 11257391 6009
3318 11263401 1228
3319 11264630 5799
3320 11270430 788
3321 11271219 2306
3322 11273526 4621
3323 11278148 914
3324 11279063 3293
3325 11282357 5875
3326 11288233 3324
3327 11291558 4288
3328 11295847 2537
3329 11298385 1054
3330 11299440 2991
3331 11302432 2810
3332 11305243 2734
3333 11307978 1267
3334 11309246 2617
3335 11311864 1941
3336 11313806 990
3337 11314797 1349
3338 11316147 1125
3339 11317273 894
3340 11318168 1735
3341 11319904 2351
3342 11322256 987
3343 11323244 972
3344 11324217 852
3345 11325070 1097
3346 11326168 1241
3347 11327410 2697
3348 11330108 2808
3349 11332917 1156
3350 11334074 2076
3351 11336151 1685
3352 11337837 1783
3353 11339621 2113
3354 11341735 1991
3355 11343727 7687
3356 11351415 1410
3357 11352826 1674
3358 11354501 3142
3359 11357644 7386
3360 11365031 1780
3361 11366812 1678
3362 11368491 2387
3363 11370879 962
3364 11371842 1646
3365 11373489 2200
3366 11375690 1733
3367 11377424 7881
3368 11385306 2955
3369 11388262 3368
3370 11391631 6157
3371 11397789 3550
3372 11401340 9089
3373 11410430 2633
3374 11413064 1876
3375 11414941 9348
3376 11424290 2684
3377 11426975 1672
3378 11428648 4608
3379 11433257 1799
3380 11435057 1601
3381 11436659 1002
3382 11437662 1633
3383 11439296 4736
3384 11444033 1273
3385 11445307 1904
3386 11447212 2883
3387 11450096 2521
3388 11452618 4603
3389 11457222 3021
3390 11460244 2302
3391 11462547 6967
3392 11469515 2691
3393 11472207 3636
3394 11475844 2455
3395 11478300 4767
3396 11483068 1639
3397 11484708 7285
3398 11491994 2237
3399 11494232 1641
3400 11495874 845
3401 11496720 914
3402 11497635 2469
3403 11500105 8099
3404 11508205 2509
3405 11510715 5495
3406 11516211 2418
3407 11518630 1857
3408 11520488 927
3409 11521416 1171
3410 11522588 5325
3411 11527914 1354
3412 11529269 7606
3413 11536876 4163
3414 11541040 3061
3415 11544102 3923
3416 11548026 385
3417 11548412 733
3418 11549146 1389
3419 11550536 739
3420 11551276 1587
3421 11552864 2135
3422 11555000 2583
3423 11557584 2936
3424 11560521 1974
3425 11562496 1327
3426 11563824 6413
3427 11570238 14968
3428 11585207 2245
3429 11587453 3689
3430 11591143 6463
3431 11597607 7130
3432 11604738 2000
3433 11606739 2050
3434 11608790 3406
3435 11612197 9025
3436 11621223 3675
3437 11624899 4490
3438 11629390 11259
3439 11640650 511
3440 11641162 409
3441 11641572 7576
3442 11649149 2860
3443 11652010 3215
3444 11655226 1999
3445 11657226 3680
3446 11660907 1693
3447 11662601 8304
3448 11670906 1773
3449 11672680 3006
3450 11675687 1571
3451 11677259 2381
3452 11679641 3818
3453 11683460 2030
3454 11685491 5767
3455 11691259 1915
3456 11693175 2512
3457 11695688 2570
3458 11698259 598
3459 11698858 475
3460 11699334 634
3461 11699969 1918
3462 11701888 1775
3463 11703664 1132
3464 11704797 7412
3465 11712210 2481
3466 11714692 2493
3467 11717186 4557
3468 11721744 5945
3469 11727690 5227
3470 11732918 7995
3471 11740914 2653
3472 11743568 2429
3473 11745998 2081
3474 11748080 2459
3475 11750540 434
3476 11750975 3924
3477 11754900 3500
3478 11758401 1817
3479 11760219 2359
3480 11762579 2463
3481 11765043 1460
3482 11766504 1297
3483 11767802 5187
3484 11772990 8565
3485 11781556 5069
3486 11786626 2150
3487 11788777 2463
3488 11791241 6369
3489 11797611 1651
3490 11799263 3404
3491 11802668 1509
3492 11804178 2591
3493 11806770 3009
3494 11809780 2152
3495 11811933 2918
3496 11814852 1265
3497 11816118 2397
3498 11818516 1939
3499 11820456 4452
3500 11824909 2057
3501 11826967 6013
3502 11832981 8853
3503 11841835 1241
3504 11843077 3913
3505 11846991 8183
3506 11855175 6782
3507 11861958 4752
3508 11866711 2001
3509 11868713 1317
3510 11870031 5543
3511 11875575 8077
3512 11883653 1117
3513 11884771 785
3514 11885557 1142
3515 11886700 1134
3516 11887835 1142
3517 11888978 1551
3518 11890530 2433
3519 11892964 2742
3520 11895707 2674
3521 11898382 6615
3522 11904998 1501
3523 11906500 22665
3524 11929166 1760
3525 11930927 5894
3526 11936822 5351
3527 11942174 11857
3528 11954032 1207
3529 11955240 2729
3530 11957970 2853
3531 11960824 7785
3532 11968610 15087
3533 11983698 1019
3534 11984718 946
3535 11985665 1639
3536 11987305 9745
3537 11997051 3485
3538 12000537 7514
3539 12008052 8163
3540 12016216 2870
3541 12019087 1830
3542 12020918 1692
3543 12022611 1396
3544 12024008 4971
3545 12028980 1926
3546 12030907 1378
3547 12032286 2755
3548 12035042 2550
3549 12037593 6150
3550 12043744 15273
3551 12059018 2545
3552 12061564 3455
3553 12065020 1633
3554 12066654 1559
3555 12068214 1494
3556 12069709 1414
3557 12071124 1820
3558 12072945 2317
3559 12075263 3037
3560 12078301 5504
3561 12083806 9982
3562 12093789 1223
3563 12095013 5978
3564 12100992 5817
3565 12106810 6502
3566 12113313 2073
3567 12115387 11697
3568 12127085 9204
3569 12136290 6206
3570 12142497 1096
3571 12143594 2559
3572 12146154 1223
3573 12147378 1962
3574 12149341 2842
3575 12152184 5284
3576 12157469 3959
3577 12161429 30920
3578 12192350 2747
3579 12195098 3696
3580 12198795 4431
3581 12203227 6567
3582 12209795 5207
3583 12215003 7317
3584 12222321 968
3585 12223290 3463
3586 12226754 1957
3587 12228712 2383
3588 12231096 1334
3589 12232431 3878
3590 12236310 1376
3591 12237687 3106
3592 12240794 1443
3593 12242238 1820
3594 12244059 2410
3595 12246470 12588
3596 12259059 4600
3597 12263660 7348
3598 12271009 1458
3599 12272468 1761
3600 12274230 1610
3601 12275841 2846
3602 12278688 20077
3603 12298766 3020
3604 12301787 2438
3605 12304226 5184
3606 12309411 2180
3607 12311592 2340
3608 12313933 1215
3609 12315149 11621
3610 12326771 6119
3611 12332891 5001
3612 12337893 580
3613 12338474 1391
3614 12339866 2429
3615 12342296 2224
3616 12344521 1204
3617 12345726 1732
3618 12347459 1805
3619 12349265 5780
3620 12355046 2636
3621 12357683 805
3622 12358489 1067
3623 12359557 2065
3624 12361623 2759
3625 12364383 4462
3626 12368846 5863
3627 12374710 5429
3628 12380140 2924
3629 12383065 4359
3630 12387425 2515
3631 12389941 1536
3632 12391478 2551
3633 12394030 690
3634 12394721 4410
3635 12399132 5712
3636 12404845 2215
3637 12407061 2877
3638 12409939 3282
3639 12413222 639
3640 12413862 1507
3641 12415370 7352
3642 12422723 9067
3643 12431791 5076
3644 12436868 2842
3645 12439711 6310
