4365 41747162 585
4364 41744817 2344
4363 41743371 1445
4362 41742240 1130
4361 41740711 1528
4360 41739340 1370
4359 41736169 3170
4358 41733378 2790
4357 41731257 2120
4356 41729775 1481
4355 41729259 515
4354 41725021 4237
4353 41724582 438
4352 41721895 2686
4351 41715453 6441
4350 41714224 1228
4349 41709392 4831
4348 41708621 770
4347 41708117 503
4346 41706802 1314
4345 41703811 2990
4344 41702163 1647
4343 41698633 3529
4342 41697631 1001
4341 41694096 3534
4340 41687421 6674
4339 41686180 1240
4338 41684700 1479
4337 41682138 2561
4336 41680361 1776
4335 41679323 1037
4334 41672272 7050
4333 41671966 305
4332 41667208 4757
4331 41665984 1223
4330 41663779 2204
4329 41662834 944
4328 41659093 3740
4327 41656133 2959
4326 41654355 1777
4325 41642788 11566
4324 41642077 710
4323 41640257 1819
4322 41639202 1054
4321 41638288 913
4320 41637476 811
4319 41635427 2048
4318 41623873 11553
4317 41622339 1533
4316 41617851 4487
4315 41615558 2292
4314 41614207 1350
4313 41613705 501
4312 41612367 1337
4311 41610334 2032
4310 41608744 1589
4309 41607088 1655
4308 41602170 4917
4307 41595165 7004
4306 41591702 3462
4305 41587991 3710
4304 41584127 3863
4303 41576716 7410
4302 41575385 1330
4301 41574799 585
4300 41566654 8144
4299 41565461 1192
4298 41562967 2493
4297 41561733 1233
4296 41560448 1284
4295 41559916 531
4294 41557297 2618
4293 41554173 3123
4292 41552837 1335
4291 41548923 3913
4290 41548034 888
4289 41546754 1279
4288 41542181 4572
4287 41541856 324
4286 41540845 1010
4285 41538182 2662
4284 41537105 1076
4283 41535616 1488
4282 41533431 2184
4281 41531935 1495
4280 41530412 1522
4279 41530055 356
4278 41527458 2596
4277 41524831 2626
4276 41519878 4952
4275 41519671 206
4274 41517528 2142
4273 41515707 1820
4272 41511489 4217
4271 41510412 1076
4270 41505861 4550
4269 41504087 1773
4268 41502889 1197
4267 41499630 3258
4266 41498156 1473
4265 41496788 1367
4264 41487867 8920
4263 41487158 708
4262 41482787 4370
4261 41481338 1448
4260 41473268 8069
4259 41467999 5268
4258 41467314 684
4257 41461241 6072
4256 41460317 923
4255 41444609 15707
4254 41438919 5689
4253 41438129 789
4252 41431855 6273
4251 41423843 8011
4250 41422905 937
4249 41411304 11600
4248 41406983 4320
4247 41403098 3884
4246 41399807 3290
4245 41385627 14179
4244 41381929 3697
4243 41373829 8099
4242 41372139 1689
4241 41369020 3118
4240 41366086 2933
4239 41360713 5372
4238 41358487 2225
4237 41349538 8948
4236 41345066 4471
4235 41340057 5008
4234 41335970 4086
4233 41327928 8041
4232 41315366 12561
4231 41313902 1463
4230 41313125 776
4229 41311388 1736
4228 41311083 304
4227 41301995 9087
4226 41300628 1366
4225 41299194 1433
4224 41298112 1081
4223 41294331 3780
4222 41284797 9533
4221 41280096 4700
4220 41270971 9124
4219 41265493 5477
4218 41260247 5245
4217 41258362 1884
4216 41254130 4231
4215 41245824 8305
4214 41243683 2140
4213 41237303 6379
4212 41236477 825
4211 41235122 1354
4210 41232961 2160
4209 41231382 1578
4208 41230004 1377
4207 41224914 5089
4206 41217364 7549
4205 41202264 15099
4204 41195511 6752
4203 41190525 4985
4202 41182011 8513
4201 41174441 7569
4200 41166228 8212
4199 41164291 1936
4198 41157439 6851
4197 41152259 5179
4196 41144075 8183
4195 41142714 1360
4194 41140779 1934
4193 41139618 1160
4192 41135150 4467
4191 41118769 16380
4190 41116708 2060
4189 41113139 3568
4188 41109107 4031
4187 41103423 5683
4186 41094536 8886
4185 41076502 18033
4184 41074315 2186
4183 41066880 7434
4182 41065393 1486
4181 41064204 1188
4180 41062833 1370
4179 41058340 4492
4178 41056799 1540
4177 41052648 4150
4176 41048166 4481
4175 41043788 4377
4174 41035383 8404
4173 41015109 20273
4172 41012584 2524
4171 41010114 2469
4170 41006670 3443
4169 41004152 2517
4168 41002104 2047
4167 40999681 2422
4166 40995926 3754
4165 40992846 3079
4164 40991321 1524
4163 40990800 520
4162 40986121 4678
4161 40972385 13735
4160 40969846 2538
4159 40959586 10259
4158 40953837 5748
4157 40949948 3888
4156 40941660 8287
4155 40933504 8155
4154 40931170 2333
4153 40922230 8939
4152 40915233 6996
4151 40915027 205
4150 40904337 10689
4149 40896598 7738
4148 40887772 8825
4147 40881073 6698
4146 40868043 13029
4145 40865962 2080
4144 40861586 4375
4143 40857184 4401
4142 40855990 1193
4141 40855281 708
4140 40850996 4284
4139 40835086 15909
4138 40829522 5563
4137 40826669 2852
4136 40822448 4220
4135 40809613 12834
4134 40797345 12267
4133 40794021 3323
4132 40790187 3833
4131 40786692 3494
4130 40782793 3898
4129 40778703 4089
4128 40772906 5796
4127 40766327 6578
4126 40760226 6100
4125 40753386 6839
4124 40743480 9905
4123 40732772 10707
4122 40729072 3699
4121 40724315 4756
4120 40720509 3805
4119 40718762 1746
4118 40713661 5100
4117 40707397 6263
4116 40696447 10949
4115 40691765 4681
4114 40678928 12836
4113 40669339 9588
4112 40662976 6362
4111 40658353 4622
4110 40648590 9762
4109 40640194 8395
4108 40635061 5132
4107 40631321 3739
4106 40605525 25795
4105 40601096 4428
4104 40594758 6337
4103 40583317 11440
4102 40581979 1337
4101 40575311 6667
4100 40573681 1629
4099 40572639 1041
4098 40571970 668
4097 40569146 2823
4096 40565749 3396
4095 40558607 7141
4094 40553537 5069
4093 40549464 4072
4092 40546785 2678
4091 40542104 4680
4090 40533548 8555
4089 40525535 8012
4088 40516376 9158
4087 40514283 2092
4086 40510834 3448
4085 40509307 1526
4084 40508778 528
4083 40501446 7331
4082 40498260 3185
4081 40497438 821
4080 40496956 481
4079 40491482 5473
4078 40477936 13545
4077 40458440 19495
4076 40447157 11282
4075 40439785 7371
4074 40431348 8436
4073 40422603 8744
4072 40406605 15997
4071 40397362 9242
4070 40386104 11257
4069 40377035 9068
4068 40375968 1066
4067 40374679 1288
4066 40367283 7395
4065 40363677 3605
4064 40352490 11186
4063 40348168 4321
4062 40335874 12293
4061 40334126 1747
4060 40333405 720
4059 40332422 982
4058 40331800 621
4057 40331122 677
4056 40330275 846
4055 40327170 3104
4054 40325866 1303
4053 40315781 10084
4052 40311768 4012
4051 40311107 660
4050 40310365 741
4049 40299371 10993
4048 40294049 5321
4047 40293038 1010
4046 40292018 1019
4045 40290936 1081
4044 40288463 2472
4043 40286956 1506
4042 40279954 7001
4041 40276005 3948
4040 40267166 8838
4039 40266437 728
4038 40265337 1099
4037 40261151 4185
4036 40254992 6158
4035 40251322 3669
4034 40246957 4364
4033 40245104 1852
4032 40240715 4388
4031 40236177 4537
4030 40231585 4591
4029 40226090 5494
4028 40224310 1779
4027 40223181 1128
4026 40219143 4037
4025 40209530 9612
4024 40203716 5813
4023 40200865 2850
4022 40197639 3225
4021 40196932 706
4020 40195134 1797
4019 40186037 9096
4018 40184406 1630
4017 40180736 3669
4016 40168468 12267
4015 40153822 14645
4014 40149936 3885
4013 40145540 4395
4012 40133115 12424
4011 40129085 4029
4010 40125380 3704
4009 40099300 26079
4008 40096709 2590
4007 40084497 12211
4006 40078975 5521
4005 40076663 2311
4004 40073888 2774
4003 40072502 1385
4002 40066981 5520
4001 40066318 662
4000 40062527 3790
3999 40061386 1140
3998 40060678 707
3997 40059503 1174
3996 40049768 9734
3995 40040074 9693
3994 40033655 6418
3993 40027358 6296
3992 40020567 6790
3991 40014556 6010
3990 40011211 3344
3989 40009442 1768
3988 40006538 2903
3987 40005119 1418
3986 39996091 9027
3985 39989387 6703
3984 39986118 3268
3983 39979652 6465
3982 39977965 1686
3981 39971892 6072
3980 39965800 6091
3979 39962758 3041
3978 39956379 6378
3977 39952073 4305
3976 39942495 9577
3975 39940352 2142
3974 39938774 1577
3973 39934987 3786
3972 39924245 10741
3971 39918514 5730
3970 39912161 6352
3969 39905950 6210
3968 39905189 760
3967 39901965 3223
3966 39901209 755
3965 39882844 18364
3964 39880021 2822
3963 39877662 2358
3962 39874640 3021
3961 39873009 1630
3960 39872476 532
3959 39858726 13749
3958 39856846 1879
3957 39853508 3337
3956 39851688 1819
3955 39849281 2406
3954 39842718 6562
3953 39842132 585
3952 39840728 1403
3951 39836562 4165
3950 39833878 2683
3949 39832029 1848
3948 39829002 3026
3947 39827773 1228
3946 39825962 1810
3945 39818290 7671
3944 39798842 19447
3943 39796777 2064
3942 39790043 6733
3941 39784566 5476
3940 39778906 5659
3939 39773304 5601
3938 39764353 8950
3937 39763401 951
3936 39761704 1696
3935 39759944 1759
3934 39758389 1554
3933 39755736 2652
3932 39748858 6877
3931 39745899 2958
3930 39744039 1859
3929 39743125 913
3928 39741173 1951
3927 39739961 1211
3926 39737023 2937
3925 39735289 1733
3924 39733098 2190
3923 39732749 348
3922 39731237 1511
3921 39730024 1212
3920 39723251 6772
3919 39717450 5800
3918 39715377 2072
3917 39711766 3610
3916 39710127 1638
3915 39704629 5497
3914 39703218 1410
3913 39702189 1028
3912 39699314 2874
3911 39696638 2675
3910 39692586 4051
3909 39689446 3139
3908 39687887 1558
3907 39685816 2070
3906 39679570 6245
3905 39677587 1982
3904 39675360 2226
3903 39673743 1616
3902 39671142 2600
3901 39662370 8771
3900 39661155 1214
3899 39658162 2992
3898 39657262 899
3897 39655775 1486
3896 39653007 2767
3895 39652085 921
3894 39650649 1435
3893 39647868 2780
3892 39646579 1288
3891 39643545 3033
3890 39638428 5116
3889 39637005 1422
3888 39635770 1234
3887 39632947 2822
3886 39631242 1704
3885 39623294 7947
3884 39621967 1326
3883 39620709 1257
3882 39619429 1279
3881 39616778 2650
3880 39611035 5742
3879 39609538 1496
3878 39606643 2894
3877 39604410 2232
3876 39598699 5710
3875 39594895 3803
3874 39593464 1430
3873 39591545 1918
3872 39590345 1199
3871 39589410 934
3870 39585665 3744
3869 39583665 1999
3868 39581112 2552
3867 39579558 1553
3866 39577610 1947
3865 39576875 734
3864 39574722 2152
3863 39569984 4737
3862 39567279 2704
3861 39562728 4550
3860 39558043 4684
3859 39557483 559
3858 39554527 2955
3857 39547938 6588
3856 39544304 3633
3855 39542460 1843
3854 39538639 3820
3853 39524873 13765
3852 39520956 3916
3851 39515558 5397
3850 39512945 2612
3849 39510696 2248
3848 39504768 5927
3847 39488919 15848
3846 39487128 1790
3845 39485038 2089
3844 39479447 5590
3843 39477676 1770
3842 39476659 1016
3841 39472182 4476
3840 39470720 1461
3839 39467087 3632
3838 39463699 3387
3837 39459664 4034
3836 39450713 8950
3835 39447678 3034
3834 39443790 3887
3833 39440179 3610
3832 39431243 8935
3831 39428174 3068
3830 39425659 2514
3829 39419782 5876
3828 39413160 6621
3827 39411090 2069
3826 39410576 513
3825 39404698 5877
3824 39404177 520
3823 39401863 2313
3822 39399918 1944
3821 39397333 2584
3820 39394535 2797
3819 39393344 1190
3818 39386223 7120
3817 39383185 3037
3816 39377882 5302
3815 39370110 7771
3814 39361554 8555
3813 39358666 2887
3812 39353953 4712
3811 39352451 1501
3810 39350971 1479
3809 39349171 1799
3808 39345599 3571
3807 39343021 2577
3806 39338448 4572
3805 39328998 9449
3804 39327637 1360
3803 39323246 4390
3802 39321267 1978
3801 39317602 3664
3800 39312025 5576
3799 39308905 3119
3798 39307277 1627
3797 39305205 2071
3796 39295352 9852
3795 39289107 6244
3794 39285347 3759
3793 39280036 5310
3792 39276586 3449
3791 39273425 3160
3790 39272841 583
3789 39262702 10138
3788 39257879 4822
3787 39255796 2082
3786 39252529 3266
3785 39248866 3662
3784 39246251 2614
3783 39244116 2134
3782 39242635 1480
3781 39236966 5668
3780 39236098 867
3779 39235352 745
3778 39231476 3875
3777 39228398 3077
3776 39225907 2490
3775 39220697 5209
3774 39220222 474
3773 39212299 7922
3772 39208614 3684
3771 39201350 7263
3770 39199521 1828
3769 39188517 11003
3768 39183202 5314
3767 39175381 7820
3766 39170253 5127
3765 39167767 2485
3764 39166377 1389
3763 39164892 1484
3762 39163401 1490
3761 39161377 2023
3760 39158778 2598
3759 39156718 2059
3758 39154732 1985
3757 39153032 1699
3756 39151740 1291
3755 39150133 1606
3754 39144864 5268
3753 39142571 2292
3752 39141233 1337
3751 39138277 2955
3750 39135741 2535
3749 39132511 3229
3748 39129160 3350
3747 39121925 7234
3746 39106537 15387
3745 39101138 5398
3744 39098292 2845
3743 39096342 1949
3742 39093960 2381
3741 39090886 3073
3740 39087902 2983
3739 39081828 6073
3738 39080068 1759
3737 39078555 1512
3736 39077464 1090
3735 39075863 1600
3734 39074013 1849
3733 39059512 14500
3732 39058540 971
3731 39053172 5367
3730 39039501 13670
3729 39037877 1623
3728 39032927 4949
3727 39026913 6013
3726 39024534 2378
3725 39022745 1788
3724 39020563 2181
3723 39018188 2374
3722 39015998 2189
3721 39013458 2539
3720 39011566 1891
3719 39009826 1739
3718 39004432 5393
3717 39002238 2193
3716 38998285 3952
3715 38996396 1888
3714 38995417 978
3713 38993292 2124
3712 38991232 2059
3711 38987883 3348
3710 38986172 1710
3709 38984507 1664
3708 38982555 1951
3707 38979486 3068
3706 38978170 1315
3705 38975181 2988
3704 38970524 4656
3703 38966156 4367
3702 38959665 6490
3701 38956310 3354
3700 38946279 10030
3699 38939081 7197
3698 38934986 4094
3697 38924545 10440
3696 38923070 1474
3695 38919165 3904
3694 38910674 8490
3693 38909266 1407
3692 38905668 3597
3691 38903060 2607
3690 38900456 2603
3689 38898069 2386
3688 38896090 1978
3687 38889780 6309
3686 38886607 3172
3685 38885505 1101
3684 38884053 1451
3683 38881982 2070
3682 38875938 6043
3681 38873841 2096
3680 38871888 1952
3679 38868479 3408
3678 38866238 2240
3677 38864471 1766
3676 38863058 1412
3675 38855237 7820
3674 38848587 6649
3673 38846059 2527
3672 38840882 5176
3671 38839544 1337
3670 38838422 1121
3669 38828233 10188
3668 38826127 2105
3667 38822969 3157
3666 38822502 466
3665 38820286 2215
3664 38819198 1087
3663 38814883 4314
3662 38811176 3706
3661 38809088 2087
3660 38801535 7552
3659 38797004 4530
3658 38794549 2454
3657 38788060 6488
3656 38778294 9765
3655 38776400 1893
3654 38772411 3988
3653 38763313 9097
3652 38761620 1692
3651 38755946 5673
3650 38752304 3641
3649 38747695 4608
3648 38743987 3707
3647 38734923 9063
3646 38721190 13732
3645 38714600 6589
3644 38712473 2126
3643 38697872 14600
3642 38693577 4294
3641 38691677 1899
3640 38689647 2029
3639 38687036 2610
3638 38685909 1126
3637 38684232 1676
3636 38680743 3488
3635 38678499 2243
3634 38676006 2492
3633 38673935 2070
3632 38671448 2486
3631 38666632 4815
3630 38665179 1452
3629 38661209 3969
3628 38660650 558
3627 38659162 1487
3626 38657964 1197
3625 38657066 897
3624 38655089 1976
3623 38654128 960
3622 38651881 2246
3621 38650766 1114
3620 38646079 4686
3619 38641690 4388
3618 38639187 2502
3617 38638304 882
3616 38636663 1640
3615 38635510 1152
3614 38633698 1811
3613 38632418 1279
3612 38628743 3674
3611 38624510 4232
3610 38623585 924
3609 38622847 737
3608 38619694 3152
3607 38618874 819
3606 38614679 4194
3605 38614004 674
3604 38611047 2956
3603 38605743 5303
3602 38604763 979
3601 38602901 1861
3600 38601464 1436
3599 38595128 6335
3598 38583172 11955
3597 38574901 8270
3596 38570038 4862
3595 38564593 5444
3594 38557064 7528
3593 38551651 5412
3592 38542459 9191
3591 38540416 2042
3590 38538238 2177
3589 38534740 3497
3588 38532371 2368
3587 38529024 3346
3586 38525492 3531
3585 38519676 5815
3584 38511978 7697
3583 38508887 3090
3582 38504397 4489
3581 38499666 4730
3580 38494888 4777
3579 38492315 2572
3578 38490397 1917
3577 38485152 5244
3576 38482555 2596
3575 38479385 3169
3574 38472564 6820
3573 38471424 1139
3572 38470207 1216
3571 38467786 2420
3570 38465121 2664
3569 38463164 1956
3568 38461923 1240
3567 38456405 5517
3566 38455109 1295
3565 38453626 1482
3564 38451652 1973
3563 38449901 1750
3562 38447301 2599
3561 38442383 4917
3560 38440988 1394
3559 38436963 4024
3558 38434795 2167
3557 38430736 4058
3556 38428913 1822
3555 38425637 3275
3554 38423962 1674
3553 38423020 941
3552 38422002 1017
3551 38414626 7375
3550 38413145 1480
3549 38411117 2027
3548 38407336 3780
3547 38406954 381
3546 38404772 2181
3545 38401386 3385
3544 38397786 3599
3543 38387646 10139
3542 38379721 7924
3541 38373874 5846
3540 38368409 5464
3539 38366207 2201
3538 38362394 3812
3537 38349894 12499
3536 38344205 5688
3535 38336099 8105
3534 38334478 1620
3533 38331511 2966
3532 38327683 3827
3531 38313951 13731
3530 38309181 4769
3529 38303325 5855
3528 38300244 3080
3527 38294369 5874
3526 38291525 2843
3525 38288101 3423
3524 38284444 3656
3523 38277447 6996
3522 38272730 4716
3521 38263081 9648
3520 38252924 10156
3519 38251340 1583
3518 38248257 3082
3517 38245746 2510
3516 38243489 2256
3515 38241003 2485
3514 38227705 13297
3513 38225126 2578
3512 38222235 2890
3511 38219802 2432
3510 38217930 1871
3509 38215833 2096
3508 38214220 1612
3507 38212012 2207
3506 38201977 10034
3505 38197196 4780
3504 38189225 7970
3503 38184252 4972
3502 38175408 8843
3501 38170641 4766
3500 38167972 2668
3499 38163973 3998
3498 38161984 1988
3497 38154290 7693
3496 38148052 6237
3495 38146426 1625
3494 38141968 4457
3493 38139999 1968
3492 38139038 960
3491 38137538 1499
3490 38136650 887
3489 38135437 1212
3488 38131378 4058
3487 38120871 10506
3486 38117328 3542
3485 38113988 3339
3484 38109583 4404
3483 38105710 3872
3482 38087361 18348
3481 38079700 7660
3480 38077902 1797
3479 38075726 2175
3478 38073924 1801
3477 38072192 1731
3476 38070899 1292
3475 38068806 2092
3474 38067642 1163
3473 38066237 1404
3472 38065251 985
3471 38063368 1882
3470 38059873 3494
3469 38054858 5014
3468 38051148 3709
3467 38042934 8213
3466 38036226 6707
3465 38033697 2528
3464 38030376 3320
3463 38022941 7434
3462 38020905 2035
3461 38019699 1205
3460 38018265 1433
3459 38012959 5305
3458 38011868 1090
3457 38008087 3780
3456 38005568 2518
3455 38000156 5411
3454 37997525 2630
3453 37993756 3768
3452 37990746 3009
3451 37986527 4218
3450 37981452 5074
3449 37979097 2354
3448 37978025 1071
3447 37975581 2443
3446 37972168 3412
3445 37969585 2582
3444 37967979 1605
3443 37962748 5230
3442 37959344 3403
3441 37956053 3290
3440 37952970 3082
3439 37946656 6313
3438 37943044 3611
3437 37939834 3209
3436 37916585 23248
3435 37914055 2529
3434 37911687 2367
3433 37909102 2584
3432 37906711 2390
3431 37904334 2376
3430 37900376 3957
3429 37897645 2730
3428 37893999 3645
3427 37892383 1615
3426 37890839 1543
3425 37889304 1534
3424 37887560 1743
3423 37883805 3754
3422 37881093 2711
3421 37876945 4147
3420 37874942 2002
3419 37869440 5501
3418 37866020 3419
3417 37864162 1857
3416 37861929 2232
3415 37858732 3196
3414 37852374 6357
3413 37850582 1791
3412 37848984 1597
3411 37846915 2068
3410 37843422 3492
3409 37839856 3565
3408 37837656 2199
3407 37834833 2822
3406 37831101 3731
3405 37822228 8872
3404 37818604 3623
3403 37815273 3330
3402 37807457 7815
3401 37804647 2809
3400 37803190 1456
3399 37801128 2061
3398 37797514 3613
3397 37795051 2462
3396 37793534 1516
3395 37791791 1742
3394 37787021 4769
3393 37785495 1525
3392 37783636 1858
3391 37780201 3434
3390 37777177 3023
3389 37775563 1613
3388 37772581 2981
3387 37770783 1797
3386 37767668 3114
3385 37759883 7784
3384 37751759 8123
3383 37747816 3942
3382 37741045 6770
3381 37734153 6891
3380 37727793 6359
3379 37720839 6953
3378 37717853 2985
3377 37715785 2067
3376 37712723 3061
3375 37710472 2250
3374 37707892 2579
3373 37705220 2671
3372 37703581 1638
3371 37702122 1458
3370 37699707 2414
3369 37692306 7400
3368 37683728 8577
3367 37681180 2547
3366 37675516 5663
3365 37674996 519
3364 37674544 451
3363 37674060 483
3362 37673592 467
3361 37673116 475
3360 37672616 499
3359 37672146 469
3358 37671624 521
3357 37671138 485
3356 37670676 461
3355 37670222 453
3354 37669738 483
3353 37669298 439
3352 37668874 423
3351 37668460 413
3350 37664818 3641
3349 37661548 3269
3348 37658238 3309
3347 37653428 4809
3346 37650104 3323
3345 37645287 4816
3344 37641465 3821
3343 37621656 19808
3342 37617439 4216
3341 37616335 1103
3340 37613728 2606
3339 37610205 3522
3338 37607362 2842
3337 37603818 3543
3336 37599752 4065
3335 37596797 2954
3334 37595870 926
3333 37594637 1232
3332 37590313 4323
3331 37588724 1588
3330 37585108 3615
3329 37581332 3775
3328 37576821 4510
3327 37557887 18933
3326 37554342 3544
3325 37551152 3189
3324 37547511 3640
3323 37544278 3232
3322 37541547 2730
3321 37538072 3474
3320 37534347 3724
3319 37530714 3632
3318 37527430 3283
3317 37524264 3165
3316 37519204 5059
3315 37515434 3769
3314 37509994 5439
3313 37506546 3447
3312 37505325 1220
3311 37501988 3336
3310 37497847 4140
3309 37493004 4842
3308 37489596 3407
3307 37488091 1504
3306 37483423 4667
3305 37463887 19535
3304 37460377 3509
3303 37456929 3447
3302 37455381 1547
3301 37451979 3401
3300 37447630 4348
3299 37428279 19350
3298 37425017 3261
3297 37420961 4055
3296 37417834 3126
3295 37414749 3084
3294 37411909 2839
3293 37408436 3472
3292 37404490 3945
3291 37400310 4179
3290 37395539 4770
3289 37391523 4015
3288 37388025 3497
3287 37383311 4713
3286 37379553 3757
3285 37369047 10505
3284 37364742 4304
3283 37361276 3465
3282 37357277 3998
3281 37353477 3799
3280 37349839 3637
3279 37346301 3537
3278 37342147 4153
3277 37338155 3991
3276 37334982 3172
3275 37331251 3730
3274 37326952 4298
3273 37325268 1683
3272 37322204 3063
3271 37317837 4366
3270 37314048 3788
3269 37309733 4314
3268 37304390 5342
3267 37300720 3669
3266 37296552 4167
3265 37295304 1247
3264 37291310 3993
3263 37271519 19790
3262 37268055 3463
3261 37264489 3565
3260 37261769 2719
3259 37259152 2616
3258 37255053 4098
3257 37250237 4815
3256 37247189 3047
3255 37232588 14600
3254 37228987 3600
3253 37224743 4243
3252 37221012 3730
3251 37217784 3227
3250 37215822 1961
3249 37212079 3742
3248 37211278 800
3247 37205487 5790
3246 37201208 4278
3245 37191082 10125
3244 37188341 2740
3243 37181060 7280
3242 37179447 1612
3241 37175353 4093
3240 37171946 3406
3239 37170674 1271
3238 37163413 7260
3237 37157646 5766
3236 37155806 1839
3235 37147242 8563
3234 37141020 6221
3233 37136899 4120
3232 37132317 4581
3231 37129017 3299
3230 37127537 1479
3229 37125407 2129
3228 37123253 2153
3227 37118477 4775
3226 37111959 6517
3225 37107595 4363
3224 37102071 5523
3223 37099839 2231
3222 37091867 7971
3221 37087323 4543
3220 37082432 4890
3219 37078134 4297
3218 37074705 3428
3217 37071061 3643
3216 37066908 4152
3215 37065851 1056
3214 37061059 4791
3213 37054432 6626
3212 37049294 5137
3211 37037704 11589
3210 37034234 3469
3209 37029654 4579
3208 37026095 3558
3207 37020172 5922
3206 37013844 6327
3205 37006258 7585
3204 37002758 3499
3203 36999620 3137
3202 36997971 1648
3201 36996427 1543
3200 36994070 2356
3199 36990094 3975
3198 36986557 3536
3197 36979078 7478
3196 36972848 6229
3195 36967388 5459
3194 36959444 7943
3193 36949182 10261
3192 36939502 9679
3191 36928989 10512
3190 36920563 8425
3189 36911154 9408
3188 36904606 6547
3187 36901923 2682
3186 36898357 3565
3185 36895460 2896
3184 36891858 3601
3183 36887945 3912
3182 36885790 2154
3181 36885333 456
3180 36881932 3400
3179 36879057 2874
3178 36875688 3368
3177 36872012 3675
3176 36865565 6446
3175 36858780 6784
3174 36850373 8406
3173 36848093 2279
3172 36847919 173
3171 36838860 9058
3170 36833319 5540
3169 36831560 1758
3168 36828172 3387
3167 36825264 2907
3166 36823683 1580
3165 36820811 2871
3164 36814400 6410
3163 36810194 4205
3162 36800672 9521
3161 36797742 2929
3160 36790557 7184
3159 36789537 1019
3158 36783210 6326
3157 36778061 5148
3156 36772740 5320
3155 36767584 5155
3154 36763990 3593
3153 36761956 2033
3152 36750420 11535
3151 36742348 8071
3150 36736944 5403
3149 36722848 14095
3148 36719046 3801
3147 36705262 13783
3146 36697361 7900
3145 36693447 3913
3144 36683845 9601
3143 36668134 15710
3142 36664652 3481
3141 36662916 1735
3140 36653143 9772
3139 36648529 4613
3138 36643891 4637
3137 36637322 6568
3136 36635924 1397
3135 36630223 5700
3134 36628847 1375
3133 36623449 5397
3132 36614147 9301
3131 36598830 15316
3130 36597117 1712
3129 36594833 2283
3128 36588749 6083
3127 36586399 2349
3126 36581518 4880
3125 36577131 4386
3124 36573833 3297
3123 36566481 7351
3122 36565129 1351
3121 36561185 3943
3120 36560056 1128
3119 36552697 7358
3118 36547604 5092
3117 36541973 5630
3116 36539063 2909
3115 36535506 3556
3114 36531133 4372
3113 36528765 2367
3112 36527839 925
3111 36520925 6913
3110 36515797 5127
3109 36512136 3660
3108 36511554 581
3107 36508342 3211
3106 36500152 8189
3105 36494573 5578
3104 36492669 1903
3103 36489627 3041
3102 36486242 3384
3101 36478623 7618
3100 36467701 10921
3099 36466096 1604
3098 36464393 1702
3097 36461797 2595
3096 36459676 2120
3095 36457975 1700
3094 36450460 7514
3093 36447517 2942
3092 36444544 2972
3091 36438065 6478
3090 36436088 1976
3089 36430892 5195
3088 36424616 6275
3087 36415820 8795
3086 36413864 1955
3085 36411124 2739
3084 36406470 4653
3083 36404935 1534
3082 36404266 668
3081 36402955 1310
3080 36400755 2199
3079 36396898 3856
3078 36391643 5254
3077 36380682 10960
3076 36374813 5868
3075 36373309 1503
3074 36371626 1682
3073 36361468 10157
3072 36357870 3597
3071 36353725 4144
3070 36338236 15488
3069 36334855 3380
3068 36331127 3727
3067 36326350 4776
3066 36322937 3412
3065 36320435 2501
3064 36314970 5464
3063 36309595 5374
3062 36307820 1774
3061 36305925 1894
3060 36278882 27042
3059 36276600 2281
3058 36274499 2100
3057 36271333 3165
3056 36269142 2190
3055 36259463 9678
3054 36255052 4410
3053 36252113 2938
3052 36251017 1095
3051 36250235 781
3050 36247900 2334
3049 36242904 4995
3048 36241073 1830
3047 36239977 1095
3046 36237839 2137
3045 36235153 2685
3044 36233650 1502
3043 36229470 4179
3042 36228235 1234
3041 36226946 1288
3040 36225820 1125
3039 36223968 1851
3038 36221690 2277
3037 36216607 5082
3036 36215448 1158
3035 36214466 981
3034 36213199 1266
3033 36212233 965
3032 36210451 1781
3031 36208687 1763
3030 36204826 3860
3029 36199957 4868
3028 36198206 1750
3027 36194431 3774
3026 36191233 3197
3025 36187912 3320
3024 36186825 1086
3023 36185201 1623
3022 36183039 2161
3021 36182158 880
3020 36180791 1366
3019 36179387 1403
3018 36176678 2708
3017 36173324 3353
3016 36170342 2981
3015 36167109 3232
3014 36163117 3991
3013 36161513 1603
3012 36160656 856
3011 36159366 1289
3010 36156580 2785
3009 36154982 1597
3008 36152016 2965
3007 36150723 1292
3006 36149052 1670
3005 36143447 5604
3004 36140864 2582
3003 36135649 5214
3002 36133938 1710
3001 36132422 1515
3000 36130235 2186
2999 36128900 1334
2998 36127437 1462
2997 36125125 2311
2996 36123673 1451
2995 36120990 2682
2994 36119789 1200
2993 36118390 1398
2992 36115666 2723
2991 36109516 6149
2990 36107646 1869
2989 36104933 2712
2988 36104078 854
2987 36102460 1617
2986 36100558 1901
2985 36099275 1282
2984 36097480 1794
2983 36095957 1522
2982 36093908 2048
2981 36092419 1488
2980 36091469 949
2979 36089690 1778
2978 36085031 4658
2977 36081814 3216
2976 36079180 2633
2975 36077603 1576
2974 36075930 1672
2973 36073525 2404
2972 36071799 1725
2971 36070154 1644
2970 36068909 1244
2969 36063805 5103
2968 36062064 1740
2967 36060973 1090
2966 36030936 30036
2965 36028354 2581
2964 36025137 3216
2963 36022911 2225
2962 36020444 2466
2961 36019427 1016
2960 36015676 3750
2959 36008723 6952
2958 36007551 1171
2957 36006386 1164
2956 36004535 1850
2955 36003039 1495
2954 36001073 1965
2953 35995639 5433
2952 35994642 996
2951 35992507 2134
2950 35988546 3960
2949 35978898 9647
2948 35976469 2428
2947 35975553 915
2946 35973926 1626
2945 35972258 1667
2944 35971300 957
2943 35969242 2057
2942 35967777 1464
2941 35959422 8354
2940 35957956 1465
2939 35954882 3073
2938 35951208 3673
2937 35950177 1030
2936 35948829 1347
2935 35946476 2352
2934 35943775 2700
2933 35942615 1159
2932 35939452 3162
2931 35937944 1507
2930 35935395 2548
2929 35927548 7846
2928 35924432 3115
2927 35923600 831
2926 35919771 3828
2925 35918904 866
2924 35918078 825
2923 35916414 1663
2922 35915230 1183
2921 35913610 1619
2920 35912497 1112
2919 35911244 1252
2918 35907080 4163
2917 35904244 2835
2916 35902586 1657
2915 35902398 187
2914 35897186 5211
2913 35894384 2801
2912 35893712 671
2911 35891069 2642
2910 35889896 1172
2909 35887967 1928
2908 35884608 3358
2907 35882883 1724
2906 35878043 4839
2905 35875712 2330
2904 35874018 1693
2903 35867980 6037
2902 35866789 1190
2901 35859133 7655
2900 35851510 7622
2899 35848394 3115
2898 35847230 1163
2897 35846052 1177
2896 35840811 5240
2895 35838017 2793
2894 35834489 3527
2893 35831400 3088
2892 35829655 1744
2891 35827224 2430
2890 35822773 4450
2889 35815368 7404
2888 35813510 1857
2887 35813141 368
2886 35810528 2612
2885 35806473 4054
2884 35802423 4049
2883 35796680 5742
2882 35794872 1807
2881 35785965 8906
2880 35782533 3431
2879 35780256 2276
2878 35775616 4639
2877 35769450 6165
2876 35765134 4315
2875 35754683 10450
2874 35749000 5682
2873 35746122 2877
2872 35740384 5737
2871 35733971 6412
2870 35724353 9617
2869 35719900 4452
2868 35713105 6794
2867 35705147 7957
2866 35703633 1513
2865 35701213 2419
2864 35696226 4986
2863 35694082 2143
2862 35683943 10138
2861 35682321 1621
2860 35678547 3773
2859 35675600 2946
2858 35671892 3707
2857 35669556 2335
2856 35665881 3674
2855 35663703 2177
2854 35653521 10181
2853 35646661 6859
2852 35643078 3582
2851 35636723 6354
2850 35634074 2648
2849 35631684 2389
2848 35630468 1215
2847 35626959 3508
2846 35622884 4074
2845 35621985 898
2844 35618432 3552
2843 35614198 4233
2842 35611639 2558
2841 35610814 824
2840 35610282 531
2839 35606074 4207
2838 35603830 2243
2837 35602045 1784
2836 35599941 2103
2835 35595760 4180
2834 35594339 1420
2833 35591824 2514
2832 35590762 1061
2831 35588518 2243
2830 35586134 2383
2829 35583853 2280
2828 35582292 1560
2827 35579759 2532
2826 35578087 1671
2825 35577368 718
2824 35575949 1418
2823 35574092 1856
2822 35571817 2274
2821 35570765 1051
2820 35568202 2562
2819 35567397 804
2818 35566297 1099
2817 35565785 511
2816 35561989 3795
2815 35558797 3191
2814 35557008 1788
2813 35553889 3118
2812 35551940 1948
2811 35549721 2218
2810 35547797 1923
2809 35545844 1952
2808 35542485 3358
2807 35541539 945
2806 35540463 1075
2805 35538607 1855
2804 35537044 1562
2803 35534612 2431
2802 35531707 2904
2801 35530333 1373
2800 35528590 1742
2799 35526099 2490
2798 35523607 2491
2797 35522077 1529
2796 35520280 1796
2795 35519204 1075
2794 35517962 1241
2793 35513930 4031
2792 35510515 3414
2791 35509694 820
2790 35503282 6411
2789 35500013 3268
2788 35499145 867
2787 35497532 1612
2786 35496663 868
2785 35490653 6009
2784 35489424 1228
2783 35483624 5799
2782 35482835 788
2781 35480528 2306
2780 35475906 4621
2779 35473584 2321
2778 35472669 914
2777 35469375 3293
2776 35463499 5875
2775 35460174 3324
2774 35455885 4288
2773 35453347 2537
2772 35449727 3619
2771 35448672 1054
2770 35445680 2991
2769 35442869 2810
2768 35440134 2734
2767 35438866 1267
2766 35436248 2617
2765 35434306 1941
2764 35433315 990
2763 35431965 1349
2762 35430839 1125
2761 35429944 894
2760 35428799 1144
2759 35427063 1735
2758 35424711 2351
2757 35423723 987
2756 35422750 972
2755 35421897 852
2754 35420799 1097
2753 35419557 1241
2752 35416859 2697
2751 35414050 2808
2750 35412893 1156
2749 35410816 2076
2748 35409130 1685
2747 35407346 1783
2746 35405232 2113
2745 35403240 1991
2744 35395552 7687
2743 35394141 1410
2742 35392466 1674
2741 35389323 3142
2740 35381936 7386
2739 35366857 15078
2738 35365076 1780
2737 35363397 1678
2736 35361009 2387
2735 35360046 962
2734 35358399 1646
2733 35356198 2200
2732 35354464 1733
2731 35346582 7881
2730 35343626 2955
2729 35340257 3368
2728 35334099 6157
2727 35330548 3550
2726 35321458 9089
2725 35318824 2633
2724 35316947 1876
2723 35307598 9348
2722 35304913 2684
2721 35303240 1672
2720 35298631 4608
2719 35296831 1799
2718 35295229 1601
2717 35294226 1002
2716 35292592 1633
2715 35287855 4736
2714 35286581 1273
2713 35284676 1904
2712 35281792 2883
2711 35279270 2521
2710 35274666 4603
2709 35271644 3021
2708 35269341 2302
2707 35262373 6967
2706 35259681 2691
2705 35256044 3636
2704 35253588 2455
2703 35248820 4767
2702 35247180 1639
2701 35239894 7285
2700 35237656 2237
2699 35236014 1641
2698 35235168 845
2697 35234253 914
2696 35231783 2469
2695 35223683 8099
2694 35221173 2509
2693 35215677 5495
2692 35213258 2418
2691 35211400 1857
2690 35210472 927
2689 35209300 1171
2688 35203974 5325
2687 35202619 1354
2686 35197182 5436
2685 35189575 7606
2684 35185411 4163
2683 35182349 3061
2682 35178425 3923
2681 35174438 3986
2680 35174052 385
2679 35173318 733
2678 35171928 1389
2677 35171188 739
2676 35169600 1587
2675 35167464 2135
2674 35164880 2583
2673 35161943 2936
2672 35159968 1974
2671 35158640 1327
2670 35152226 6413
2669 35137257 14968
2668 35135011 2245
2667 35131321 3689
2666 35124857 6463
2665 35117726 7130
2664 35115725 2000
2663 35113674 2050
2662 35110267 3406
2661 35101241 9025
2660 35097565 3675
2659 35093074 4490
2658 35081814 11259
2657 35081302 511
2656 35080892 409
2655 35073315 7576
2654 35070454 2860
2653 35067238 3215
2652 35065238 1999
2651 35061557 3680
2650 35059863 1693
2649 35051558 8304
2648 35049784 1773
2647 35046777 3006
2646 35045205 1571
2645 35042823 2381
2644 35038637 4185
2643 35030505 8131
2642 35026686 3818
2641 35024655 2030
2640 35018887 5767
2639 35016971 1915
2638 35014458 2512
2637 35011887 2570
2636 35011288 598
2635 35010812 475
2634 35010177 634
2633 35008258 1918
2632 35006482 1775
2631 35005349 1132
2630 35002105 3243
2629 34999312 2792
2628 34998670 641
2627 34993266 5403
2626 34984756 8509
2625 34977343 7412
2624 34974861 2481
2623 34972367 2493
2622 34967809 4557
2621 34961863 5945
2620 34956635 5227
2619 34948639 7995
2618 34942258 6380
2617 34939604 2653
2616 34937174 2429
2615 34935092 2081
2614 34932632 2459
2613 34923030 9601
2612 34909645 13384
2611 34909210 434
2610 34905457 3752
2609 34901532 3924
2608 34899114 2417
2607 34895613 3500
2606 34893795 1817
2605 34891435 2359
2604 34888971 2463
2603 34887510 1460
2602 34886212 1297
2601 34885126 1085
2600 34879938 5187
2599 34871372 8565
2598 34866302 5069
2597 34864151 2150
2596 34861687 2463
2595 34855317 6369
2594 34853665 1651
2593 34850260 3404
2592 34848750 1509
2591 34846158 2591
2590 34842392 3765
2589 34841456 935
2588 34838446 3009
2587 34836293 2152
2586 34833374 2918
2585 34832108 1265
2584 34829710 2397
2583 34820408 9301
2582 34818468 1939
2581 34814015 4452
2580 34811957 2057
2579 34805943 6013
2578 34797089 8853
2577 34795847 1241
2576 34790359 5487
2575 34786445 3913
2574 34778261 8183
2573 34771478 6782
2572 34766725 4752
2571 34764723 2001
2570 34763405 1317
2569 34757861 5543
2568 34749783 8077
2567 34748665 1117
2566 34747879 785
2565 34746736 1142
2564 34745593 1142
2563 34744450 1142
2562 34743307 1142
2561 34742164 1142
2560 34741021 1142
2559 34739886 1134
2558 34738743 1142
2557 34737600 1142
2556 34736048 1551
2555 34728888 7159
2554 34726454 2433
2553 34724539 1914
2552 34721796 2742
2551 34719121 2674
2550 34717026 2094
2549 34713255 3770
2548 34711630 1624
2547 34702057 9572
2546 34695648 6408
2545 34689032 6615
2544 34687530 1501
2543 34664864 22665
2542 34663819 1044
2541 34662058 1760
2540 34656163 5894
2539 34650811 5351
2538 34638953 11857
2537 34638708 244
2536 34638518 189
2535 34638283 234
2534 34636143 2139
2533 34635155 987
2532 34633947 1207
2531 34631217 2729
2530 34627593 3623
2529 34624739 2853
2528 34616953 7785
2527 34616459 493
2526 34615702 756
2525 34610914 4787
2524 34609703 1210
2523 34606210 3492
2522 34602728 3481
2521 34596223 6504
2520 34592095 4127
2519 34577007 15087
2518 34575987 1019
2517 34572230 3756
2516 34568102 4127
2515 34566452 1649
2514 34565505 946
2513 34563865 1639
2512 34554119 9745
2511 34550633 3485
2510 34543118 7514
2509 34534954 8163
2508 34532083 2870
2507 34530252 1830
2506 34528559 1692
2505 34527162 1396
2504 34522190 4971
2503 34520263 1926
2502 34520087 175
2501 34518708 1378
2500 34509346 9361
2499 34506590 2755
2498 34502905 3684
2497 34500354 2550
2496 34494203 6150
2495 34490778 3424
2494 34487103 3674
2493 34479134 7968
2492 34475832 3301
2491 34460558 15273
2490 34458012 2545
2489 34454556 3455
2488 34452922 1633
2487 34451362 1559
2486 34449867 1494
2485 34448452 1414
2484 34446631 1820
2483 34444313 2317
2482 34442358 1954
2481 34440367 1990
2480 34437329 3037
2479 34431824 5504
2478 34421841 9982
2477 34416905 4935
2476 34415681 1223
2475 34409702 5978
2474 34409467 234
2473 34409277 189
2472 34409065 211
2471 34408887 177
2470 34408636 250
2469 34408410 225
2468 34408220 189
2467 34400511 7708
2466 34390480 10030
2465 34384662 5817
2464 34378159 6502
2463 34376085 2073
2462 34364387 11697
2461 34355182 9204
2460 34348975 6206
2459 34342100 6874
2458 34339010 3089
2457 34336507 2502
2456 34331271 5235
2455 34329953 1317
2454 34328856 1096
2453 34314259 14596
2452 34312954 1304
2451 34307643 5310
2450 34305083 2559
2449 34303859 1223
2448 34299118 4740
2447 34297155 1962
2446 34294312 2842
2445 34289027 5284
2444 34285067 3959
2443 34254146 30920
2442 34251398 2747
2441 34247701 3696
2440 34243269 4431
2439 34236701 6567
2438 34231493 5207
2437 34224175 7317
2436 34223206 968
2435 34223008 197
2434 34219544 3463
2433 34217185 2358
2432 34215227 1957
2431 34212843 2383
2430 34211508 1334
2429 34210379 1128
2428 34209277 1101
2427 34205398 3878
2426 34204021 1376
2425 34200914 3106
2424 34199470 1443
2423 34197649 1820
2422 34195238 2410
2421 34182649 12588
2420 34178048 4600
2419 34170699 7348
2418 34169240 1458
2417 34167478 1761
2416 34165233 2244
2415 34163622 1610
2414 34160775 2846
2413 34140697 20077
2412 34137676 3020
2411 34135237 2438
2410 34130052 5184
2409 34127233 2818
2408 34125052 2180
2407 34123789 1262
2406 34122761 1027
2405 34120420 2340
2404 34119204 1215
2403 34107582 11621
2402 34101462 6119
2401 34096460 5001
2400 34095879 580
2399 34094487 1391
2398 34092057 2429
2397 34089832 2224
2396 34088627 1204
2395 34081156 7470
2394 34079423 1732
2393 34077617 1805
2392 34076671 945
2391 34070890 5780
2390 34068253 2636
2389 34067447 805
2388 34066379 1067
2387 34064313 2065
2386 34061553 2759
2385 34057090 4462
2384 34051226 5863
2383 34045796 5429
2382 34042871 2924
2381 34038511 4359
2380 34035995 2515
2379 34034861 1133
2378 34033324 1536
2377 34030772 2551
2376 34030081 690
2375 34025670 4410
2374 34024371 1298
2373 34018658 5712
2372 34016442 2215
2371 34013564 2877
2370 34004395 9168
2369 34001112 3282
2368 34000472 639
2367 33998964 1507
2366 33995365 3598
2365 33989876 5488
2364 33988046 1829
2363 33980693 7352
2362 33971625 9067
2361 33966548 5076
2360 33963705 2842
2359 33957394 6310
2358 33956607 786
1109 29497962 652
1108 29497308 653
1107 29496620 687
1106 29495996 623
1105 29495332 663
1104 29494653 678
1103 29494015 637
1102 29493356 658
1101 29492705 650
1100 29492033 671
1099 29491383 649
1098 29490696 686
1097 29490046 649
1096 29489369 676
1095 29488729 639
1094 29488100 628
1093 29487413 686
1092 29486749 663
1091 29486070 678
1090 29485376 693
1089 29484699 676
1088 29484023 675
1087 29483342 680
1086 29482635 706
1085 29481931 703
1084 29481243 687
1083 29480548 694
1082 29479852 695
1081 29479203 648
1080 29478526 676
1079 29477809 716
1078 29477131 677
1077 29476491 639
1076 29475829 661
1075 29475157 671
1074 29474510 646
1073 29473856 653
1072 29473169 686
1071 29472534 634
1070 29471891 642
1069 29471210 680
1068 29470533 676
1067 29469887 645
1066 29469225 661
1065 29468575 649
1064 29467926 648
1063 29467255 670
1062 29466571 683
1061 29465922 648
1060 29465279 642
1059 29464602 676
1058 29463955 646
1057 29463287 667
1056 29462603 683
1055 29461969 633
1054 29461299 669
1053 29460656 642
1052 29460000 655
1051 29459362 637
1050 29458704 657
1049 29458069 634
1048 29457440 628
1047 29456770 669
1046 29456131 638
1045 29455481 649
1044 29454836 644
1043 29454160 675
1042 29453441 718
1041 29452794 646
1040 29452089 704
1039 29451395 693
1038 29450696 698
1037 29450035 660
1036 29449384 650
1035 29448718 665
1034 29448069 648
1033 29447384 684
1032 29446744 639
1031 29446081 662
1030 29445433 647
1029 29444755 677
1028 29444117 637
1027 29443472 644
1026 29442787 684
1025 29442126 660
1024 29441478 647
1023 29440815 662
1022 29440164 650
1021 29439529 634
1020 29438851 677
1019 29438212 638
1018 29437536 675
1017 29436881 654
1016 29436236 644
1015 29435557 678
1014 29434852 704
1013 29434162 689
1012 29433477 684
1011 29432828 648
1010 29432188 639
1009 29431528 659
1008 29430886 641
1007 29430241 644
1006 29429609 631
1005 29428962 646
1004 29428319 642
1003 29427695 623
1002 29427054 640
1001 29426399 654
1000 29425758 640
999 29425075 682
998 29424434 640
997 29423792 641
996 29423145 646
995 29422504 640
994 29421827 676
993 29421173 653
992 29420524 648
991 29419828 695
990 29419140 687
989 29418480 659
988 29417803 676
987 29417630 172
986 29417440 189
985 29416796 643
984 29416108 687
983 29415445 662
982 29414781 663
981 29414101 679
980 29413433 667
979 29412757 675
978 29412106 650
977 29411429 676
976 29410741 687
975 29410094 646
974 29409409 684
973 29408745 663
972 29408071 673
971 29407426 644
970 29406780 645
969 29406146 633
968 29405512 633
967 29404880 631
966 29404225 654
965 29403550 674
964 29402907 642
963 29402261 645
962 29401619 641
961 29400981 637
960 29400332 648
959 29399654 677
958 29399002 651
957 29398298 703
956 29397598 699
955 29396949 648
954 29396287 661
953 29395635 651
952 29394950 684
951 29394277 672
950 29393622 654
949 29392929 692
948 29392265 663
947 29391609 655
946 29390952 656
945 29390276 675
944 29389639 636
943 29389011 627
942 29388307 703
941 29387659 647
940 29386969 689
939 29386316 652
938 29385658 657
937 29384983 674
936 29384294 688
935 29383640 653
934 29382962 677
933 29382314 647
932 29381638 675
931 29381020 617
930 29380327 692
929 29379663 663
928 29379016 646
927 29378367 648
926 29377722 644
925 29377071 650
924 29376435 635
923 29375787 647
922 29375143 643
921 29374494 648
920 29373862 631
919 29373205 656
918 29372548 656
917 29371903 644
916 29371225 677
915 29370522 702
914 29369876 645
913 29369224 651
912 29368576 647
911 29367883 692
910 29367222 660
909 29366549 672
908 29365895 653
907 29365239 655
906 29364609 629
905 29363955 653
904 29363268 686
903 29362589 678
902 29361941 647
901 29361249 691
900 29360594 654
899 29359920 673
898 29359268 651
897 29358614 653
896 29357960 653
895 29357311 648
894 29356665 645
893 29355987 677
892 29355338 648
891 29354670 667
890 29353975 694
889 29353334 640
888 29352677 656
887 29352037 639
886 29351392 644
885 29350760 631
884 29350115 644
883 29349458 656
882 29348812 645
881 29348149 662
880 29347515 633
879 29346856 658
878 29346151 704
877 29345509 641
876 29344832 676
875 29344185 646
874 29343492 692
873 29342818 673
872 29342162 655
871 29341509 652
870 29340848 660
869 29340194 653
868 29339515 678
867 29338868 646
866 29338240 627
865 29337547 692
864 29336891 655
863 29336217 673
862 29335563 653
861 29334902 660
860 29334279 622
859 29333621 657
858 29332943 677
857 29332295 647
856 29331603 691
855 29330953 649
854 29330315 637
853 29329671 643
852 29329029 641
851 29328385 643
850 29327729 655
849 29327100 628
848 29326448 651
847 29325806 641
846 29325144 661
845 29324515 628
844 29323861 653
843 29323183 677
842 29322485 697
841 29321819 665
840 29321169 649
839 29320480 688
838 29319815 664
837 29319127 687
836 29318448 678
835 29317802 645
834 29317111 690
833 29316452 658
832 29315799 652
831 29315128 670
830 29314476 651
829 29313820 655
828 29313144 675
827 29312501 642
826 29311808 692
825 29311149 658
824 29310508 640
823 29309861 646
822 29309224 636
821 29308580 643
820 29307956 623
819 29307320 635
818 29306669 650
817 29306050 618
816 29305384 665
815 29304761 622
814 29304106 654
813 29303429 676
812 29302720 708
811 29302089 630
810 29301443 645
809 29300820 622
808 29300192 627
807 29299510 681
806 29298839 670
805 29298146 692
804 29297492 653
803 29296819 672
802 29296169 649
801 29295510 658
800 29293843 1666
799 29289129 4713
798 29285752 3376
797 29283541 2210
796 29279913 3627
795 29270398 9514
794 29263518 6879
793 29255199 8318
792 29253820 1378
791 29249841 3978
790 29243465 6375
789 29241312 2152
788 29233773 7538
787 29232015 1757
786 29225593 6421
785 29224440 1152
784 29222030 2409
783 29217375 4654
782 29216304 1070
781 29214839 1464
780 29206723 8115
779 29199714 7008
778 29198921 792
777 29197297 1623
776 29196154 1142
775 29194402 1751
774 29192667 1734
773 29190521 2145
772 29188102 2418
771 29186661 1440
770 29185155 1505
769 29183583 1571
768 29170656 12926
767 29163795 6860
766 29159848 3946
765 29158772 1075
764 29157419 1352
763 29153851 3567
762 29149833 4017
761 29148370 1462
760 29135565 12804
759 29131466 4098
758 29129698 1767
757 29127053 2644
756 29124121 2931
755 29122882 1238
754 29118821 4060
753 29112437 6383
752 29111110 1326
751 29109515 1594
750 29105936 3578
749 29097072 8863
748 29096740 331
747 29092387 4352
746 29091468 918
745 29085943 5524
744 29084850 1092
743 29083547 1302
742 29082318 1228
741 29079161 3156
740 29077842 1318
739 29071919 5922
738 29068122 3796
737 29065857 2264
736 29064320 1536
735 29063801 518
734 29061970 1830
733 29058726 3243
732 29050571 8154
731 29048280 2290
730 29047413 866
729 29046364 1048
728 29040419 5944
727 29035831 4587
726 29034486 1344
725 29030526 3959
724 29027693 2832
723 29018230 9462
722 29000515 17714
721 28999170 1344
720 28988360 10809
719 28987460 899
718 28986258 1201
717 28980509 5748
716 28979452 1056
715 28978040 1411
714 28974216 3823
713 28970713 3502
712 28969852 860
711 28948101 21750
710 28938029 10071
709 28936663 1365
708 28936014 648
707 28933597 2416
706 28931236 2360
705 28926672 4563
704 28913825 12846
703 28910610 3214
702 28906396 4213
701 28897901 8494
700 28897260 640
699 28896616 643
698 28895985 630
697 28895339 645
696 28894697 641
695 28894074 622
694 28893434 639
693 28892780 653
692 28892140 639
691 28891516 623
690 28890837 678
689 28890217 619
688 28890000 216
687 28889828 171
686 28889644 183
685 28889466 177
684 28888824 641
683 28888215 608
682 28888041 173
681 28887434 606
680 28887214 219
679 28886592 621
678 28886409 182
677 28885767 641
676 28885163 603
675 28884536 626
674 28884367 168
673 28883725 641
672 28883081 643
671 28882868 212
670 28882283 584
669 28882097 185
668 28881455 641
667 28880812 642
666 28880617 194
665 28879991 625
664 28879740 250
663 28879567 172
662 28879377 189
661 28878735 641
660 28878131 603
659 28877509 621
658 28877319 189
657 28876687 631
656 28876045 641
655 28875461 583
654 28875281 179
653 28874645 635
652 28874021 623
651 28873394 626
650 28872779 614
649 28872164 614
648 28871563 600
647 28871363 199
646 28871157 205
645 28870945 211
644 28870745 199
643 28870548 196
642 28869910 637
641 28869268 641
640 28868642 625
639 28868462 179
638 28867844 617
637 28867621 222
636 28867397 223
635 28866755 641
634 28866150 604
633 28865526 623
632 28865351 174
631 28864709 641
630 28864124 584
629 28863950 173
628 28863276 673
627 28862658 617
626 28862028 629
625 28861408 619
624 28860794 613
623 28860192 601
622 28859572 619
621 28858956 615
620 28858756 199
619 28858146 609
618 28857472 673
617 28856827 644
616 28856181 645
615 28855547 633
614 28854913 633
613 28854281 631
612 28853626 654
611 28852951 674
610 28852308 642
609 28851662 645
608 28851490 171
607 28850848 641
606 28850678 169
605 28850048 629
604 28849887 160
603 28849272 614
602 28849069 202
601 28848410 658
600 28848185 224
599 28847564 620
598 28847380 183
597 28846784 595
596 28846112 671
595 28845880 231
594 28845238 641
593 28844632 605
592 28844009 622
591 28843834 174
590 28843192 641
589 28842543 648
588 28841923 619
587 28841293 629
586 28840673 619
585 28840058 614
584 28839455 602
583 28839257 197
582 28838636 620
581 28838014 621
580 28837391 622
579 28837206 184
578 28837051 154
577 28836876 174
576 28836728 147
575 28836144 583
574 28835977 166
573 28835378 598
572 28835163 214
571 28834955 207
570 28834314 640
569 28833686 627
568 28833525 160
567 28832916 608
566 28832725 190
565 28832559 165
564 28832396 162
563 28832156 239
562 28831515 640
561 28830909 605
560 28830287 621
559 28830100 186
558 28829921 178
557 28829280 640
556 28828695 584
555 28828522 172
554 28827898 623
553 28827276 621
552 28826643 632
551 28826023 619
550 28825410 612
549 28824809 600
548 28824661 147
547 28824449 211
546 28824301 147
545 28824079 221
544 28823438 640
543 28822809 628
542 28822648 160
257 28687500 604
256 28686882 617
255 28686262 619
254 28686062 199
253 28685421 640
252 28684774 646
251 28684137 636
250 28683493 643
249 28682869 623
248 28682233 635
247 28681582 650
246 28680963 618
245 28680297 665
244 28679674 622
243 28679118 555
242 28678478 639
241 28677823 654
240 28677648 174
239 28677295 352
238 28676685 609
237 28676481 203
236 28675814 666
235 28675611 202
234 28674997 613
233 28674834 162
232 28674226 607
231 28673605 620
230 28672967 637
229 28672792 174
228 28672166 625
227 28671544 621
226 28670933 610
225 28670316 616
224 28669696 619
223 28669076 619
222 28668456 619
221 28667839 616
220 28667217 621
219 28666565 651
218 28666411 153
217 28665769 641
216 28665609 159
215 28665395 213
214 28664724 670
213 28664116 607
212 28663531 584
211 28663358 172
210 28662743 614
209 28662104 638
208 28661447 656
207 28660835 611
206 28660196 638
205 28659591 604
204 28659431 159
203 28659243 187
202 28659083 159
201 28658885 197
200 28655106 3778
199 28652530 2575
198 28649951 2578
197 28647886 2064
196 28646391 1494
195 28643608 2782
194 28636807 6800
193 28635098 1708
192 28633408 1689
191 28628049 5358
190 28626344 1704
189 28620735 5608
188 28615922 4812
187 28609578 6343
186 28606124 3453
185 28597604 8519
184 28595773 1830
183 28594720 1052
182 28593941 778
181 28592831 1109
180 28590648 2182
179 28580957 9690
178 28577376 3580
177 28574035 3340
176 28570673 3361
175 28568839 1833
174 28558045 10793
173 28557590 454
172 28556467 1122
171 28552500 3966
170 28551225 1274
169 28541055 10169
168 28538111 2943
167 28536977 1133
166 28535632 1344
165 28533264 2367
164 28530875 2388
163 28528356 2518
162 28526153 2202
161 28519341 6811
160 28510227 9113
159 28509465 761
158 28498967 10497
157 28496692 2274
156 28493981 2710
155 28490535 3445
154 28487998 2536
153 28481556 6441
152 28478709 2846
151 28477441 1267
150 28475642 1798
149 28471113 4528
148 28464450 6662
147 28458771 5678
146 28454891 3879
145 28450468 4422
144 28449047 1420
143 28444613 4433
142 28442753 1859
141 28440713 2039
140 28436644 4068
139 28434096 2547
138 28430692 3403
137 28428020 2671
136 28425637 2382
135 28422491 3145
134 28421546 944
133 28414366 7179
132 28413566 799
131 28410437 3128
130 28408360 2076
129 28405664 2695
128 28400862 4801
59 28107056 7002
58 28099370 7685
57 28096839 2530
56 28093137 3701
55 28092943 193
54 28089340 3602
53 28087486 1853
52 28086168 1317
51 28080864 5303
50 28075983 4880
49 28069703 6279
48 28059056 10646
47 28057114 1941
46 28053968 3145
45 28049477 4490
44 28046721 2755
43 28037928 8792
42 28029538 8389
41 28027617 1920
40 28025588 2028
39 28019804 5783
38 28018158 1645
37 28015142 3015
36 28010348 4793
35 28008197 2150
34 27996670 11526
33 27987035 9634
32 27977407 9627
31 27972723 4683
30 27969025 3697
13 27885499 19332
12 27875843 9655
11 27873118 2724
10 27870490 2627
9 27862907 7582
8 27859490 3416
7 27857454 2035
6 27853444 4009
5 27844506 8937
4 27841185 3320
3 27835240 5944
2 27834520 719
1 27831832 2687
14 27904832 3103
15 27907936 2740
16 27910677 5363
17 27916041 2248
18 27918290 4254
19 27922545 6583
20 27929129 957
21 27930087 4876
22 27934964 8275
23 27943240 5342
24 27948583 6673
25 27955257 917
26 27956175 3782
27 27959958 2946
28 27962905 3581
29 27966487 2537
60 28114059 6485
61 28120545 8799
62 28129345 3150
63 28132496 2810
64 28135307 1843
65 28137151 7060
66 28144212 3411
67 28147624 2650
68 28150275 1162
69 28151438 11636
70 28163075 10840
71 28173916 9901
72 28183818 6936
73 28190755 8936
74 28199692 2292
75 28201985 519
76 28202505 2774
77 28205280 622
78 28205903 6372
79 28212276 4299
80 28216576 2321
81 28218898 9192
82 28228091 6520
83 28234612 1561
84 28236174 7413
85 28243588 2732
86 28246321 7683
87 28254005 4474
88 28258480 2939
89 28261420 6309
90 28267730 9253
91 28276984 2973
92 28279958 4385
93 28284344 3897
94 28288242 1715
95 28289958 6517
96 28296476 5474
97 28301951 5233
98 28307185 8029
99 28315215 1837
100 28317053 2820
101 28319874 1027
102 28320902 1083
103 28321986 6687
104 28328674 2158
105 28330833 1929
106 28332763 6687
107 28339451 6204
108 28345656 3625
109 28349282 628
110 28349911 1834
111 28351746 3078
112 28354825 1255
113 28356081 2298
114 28358380 1110
115 28359491 3477
116 28362969 4109
117 28367079 4325
118 28371405 6285
119 28377691 3752
120 28381444 709
121 28382154 4274
122 28386429 4078
123 28390508 534
124 28391043 996
125 28392040 1581
126 28393622 3652
127 28397275 3586
258 28688105 638
259 28688744 611
260 28689356 659
261 28690016 616
262 28690633 612
263 28691246 203
264 28691450 537
265 28691988 607
266 28692596 193
267 28692790 637
268 28693428 622
269 28694051 607
270 28694659 208
271 28694868 608
272 28695477 161
273 28695639 655
274 28696295 607
275 28696903 161
276 28697065 179
277 28697245 172
278 28697418 199
279 28697618 613
280 28698232 641
281 28698874 611
282 28699486 654
283 28700141 650
284 28700792 617
285 28701410 204
286 28701615 537
287 28702153 607
288 28702761 190
289 28702952 276
290 28703229 293
291 28703523 173
292 28703697 637
293 28704335 620
294 28704956 199
295 28705156 270
296 28705427 292
297 28705720 648
298 28706369 161
299 28706531 250
300 28706782 607
301 28707390 181
302 28707572 615
303 28708188 224
304 28708413 642
305 28709056 664
306 28709721 616
307 28710338 622
308 28710961 617
309 28711579 621
310 28712201 170
311 28712372 537
312 28712910 641
313 28713552 201
314 28713754 183
315 28713938 640
316 28714579 619
317 28715199 641
318 28715841 193
319 28716035 637
320 28716673 175
321 28716849 615
322 28717465 179
323 28717645 612
324 28718258 641
325 28718900 628
326 28719529 661
327 28720191 641
328 28720833 651
329 28721485 628
330 28722114 655
331 28722770 643
332 28723414 641
333 28724056 643
334 28724700 637
335 28725338 617
336 28725956 187
337 28726144 614
338 28726759 603
339 28727363 607
340 28727971 610
341 28728582 618
342 28729201 626
343 28729828 618
344 28730447 641
345 28731089 174
346 28731264 583
347 28731848 639
348 28732488 181
349 28732670 624
350 28733295 606
351 28733902 620
352 28734523 641
353 28735165 618
354 28735784 620
355 28736405 617
356 28737023 203
357 28737227 617
358 28737845 648
359 28738494 159
360 28738654 626
361 28739281 641
362 28739923 649
363 28740573 649
364 28741223 160
365 28741384 607
366 28741992 198
367 28742191 172
368 28742364 178
369 28742543 172
370 28742716 600
371 28743317 611
372 28743929 618
373 28744548 626
374 28745175 619
375 28745795 622
376 28746418 173
377 28746592 583
378 28747176 641
379 28747818 160
380 28747979 610
381 28748590 175
382 28748766 621
383 28749388 607
384 28749996 641
385 28750638 203
386 28750842 614
387 28751457 171
388 28751629 624
389 28752254 641
390 28752896 198
391 28753095 172
392 28753268 153
393 28753422 172
394 28753595 601
395 28754197 611
396 28754809 619
397 28755429 628
398 28756058 620
399 28756679 617
400 28757297 173
401 28757471 585
402 28758057 639
403 28758697 196
404 28758894 623
405 28759518 605
406 28760124 641
407 28760766 265
408 28761032 615
409 28761648 160
410 28761809 624
411 28762434 200
412 28762635 689
413 28763325 153
414 28763479 626
415 28764106 640
416 28764747 175
417 28764923 193
418 28765117 175
419 28765293 187
420 28765481 175
421 28765657 169
422 28765827 175
423 28766003 172
424 28766176 187
425 28766364 181
426 28766546 602
427 28767149 172
428 28767322 582
429 28767905 202
430 28768108 618
431 28768727 618
432 28769346 604
433 28769951 612
434 28770564 619
435 28771184 626
436 28771811 619
437 28772431 615
438 28773047 170
439 28773218 622
440 28773841 607
441 28774449 640
442 28775090 640
443 28775731 202
444 28775934 612
445 28776547 612
446 28777160 180
447 28777341 174
448 28777516 154
449 28777671 628
450 28778300 640
451 28778941 181
452 28779123 153
453 28779277 172
454 28779450 197
455 28779648 602
456 28780251 615
457 28780867 619
458 28781487 628
459 28782116 619
460 28782736 616
461 28783353 166
462 28783520 582
463 28784103 640
464 28784744 186
465 28784931 622
466 28785554 603
467 28786158 640
468 28786799 212
469 28787012 611
470 28787624 193
471 28787818 620
472 28788439 160
473 28788600 628
474 28789229 640
475 28789870 158
476 28790029 610
477 28790640 179
478 28790820 165
479 28790986 147
480 28791134 197
481 28791332 602
482 28791935 613
483 28792549 619
484 28793169 630
485 28793800 620
486 28794421 617
487 28795039 640
488 28795680 172
489 28795853 582
490 28796436 674
491 28797111 212
492 28797324 192
493 28797517 621
494 28798139 607
495 28798747 183
496 28798931 174
497 28799106 640
498 28799747 170
499 28799918 663
500 28800582 200
501 28800783 655
502 28801439 220
503 28801660 612
504 28802273 174
505 28802448 194
506 28802643 628
507 28803272 639
508 28803912 656
509 28804569 631
510 28805201 648
511 28805850 643
512 28806494 647
513 28807142 635
514 28807778 650
515 28808429 644
516 28809074 648
517 28809723 646
518 28810370 622
519 28810993 199
520 28811193 618
521 28811812 615
522 28812428 604
523 28813033 613
524 28813647 614
525 28814262 629
526 28814892 619
527 28815512 648
528 28816161 160
529 28816322 582
530 28816905 177
531 28817083 608
532 28817692 640
533 28818333 175
534 28818509 629
535 28819139 180
536 28819320 622
537 28819943 606
538 28820550 643
539 28821194 640
540 28821835 202
541 28822038 609
1110 29498615 676
1111 29499292 658
1112 29499951 689
1113 29500641 640
1114 29501282 725
1115 29502008 724
1116 29502733 715
1117 29503449 676
1118 29504126 660
1119 29504787 627
1120 29505415 636
1121 29506052 640
1122 29506693 647
1123 29507341 621
1124 29507963 667
1125 29508631 615
1126 29509247 625
1127 29509873 649
1128 29510523 628
1129 29511152 664
1130 29511817 688
1131 29512506 639
1132 29513146 676
1133 29513823 200
1134 29514024 662
1135 29514687 680
1136 29515368 686
1137 29516055 669
1138 29516725 652
1139 29517378 676
1140 29518055 653
1141 29518709 663
1142 29519373 639
1143 29520013 667
1144 29520681 678
1145 29521360 687
1146 29522048 639
1147 29522688 674
1148 29523363 676
1149 29524040 641
1150 29524682 706
1151 29525389 672
1152 29526062 628
1153 29526691 653
1154 29527345 642
1155 29527988 640
1156 29528629 637
1157 29529267 615
1158 29529883 638
1159 29530522 632
1160 29531155 638
1161 29531794 641
1162 29532436 636
1163 29533073 647
1164 29533721 685
1165 29534407 649
1166 29535057 674
1167 29535732 629
1168 29536362 657
1169 29537020 643
1170 29537664 707
1171 29538372 685
1172 29539058 678
1173 29539737 684
1174 29540422 649
1175 29541072 651
1176 29541724 643
1177 29542368 666
1178 29543035 637
1179 29543673 651
1180 29544325 649
1181 29544975 677
1182 29545653 646
1183 29546300 669
1184 29546970 687
1185 29547658 684
1186 29548343 662
1187 29549006 654
1188 29549661 664
1189 29550326 649
1190 29550976 677
1191 29551654 651
1192 29552306 659
1193 29552966 644
1194 29553611 636
1195 29554248 631
1196 29554880 640
1197 29555521 624
1198 29556146 640
1199 29556787 657
1200 29557445 640
1201 29558086 636
1202 29558723 685
1203 29559409 668
1204 29560078 648
1205 29560727 684
1206 29561412 676
1207 29562089 650
1208 29562740 686
1209 29563427 653
1210 29564081 654
1211 29564736 681
1212 29565418 667
1213 29566086 648
1214 29566735 676
1215 29567412 673
1216 29568086 649
1217 29568736 712
1218 29569449 663
1219 29570113 675
1220 29570789 630
1221 29571420 635
1222 29572056 627
1223 29572684 687
1224 29573372 681
1225 29574054 656
1226 29574711 656
1227 29575368 666
1228 29576035 648
1229 29576684 677
1230 29577362 654
1231 29578017 637
1232 29578655 643
1233 29579299 638
1234 29579938 630
1235 29580569 644
1236 29581214 633
1237 29581848 653
1238 29582502 618
1239 29583121 631
1240 29583753 646
1241 29584400 642
1242 29585043 687
1243 29585731 668
1244 29586400 672
1245 29587073 641
1246 29587715 655
1247 29588371 677
1248 29589049 634
1249 29589684 648
1250 29590333 649
1251 29590983 627
1252 29591611 631
1253 29592243 687
1254 29592931 650
1255 29593582 681
1256 29594264 648
1257 29594913 663
1258 29595577 641
1259 29596219 621
1260 29596841 677
1261 29597519 648
1262 29598168 687
1263 29598856 677
1264 29599534 649
1265 29600184 680
1266 29600865 649
1267 29601515 657
1268 29602173 641
1269 29602815 677
1270 29603493 629
1271 29604123 637
1272 29604761 656
1273 29605418 659
1274 29606078 632
1275 29606711 630
1276 29607342 681
1277 29608024 658
1278 29608683 631
1279 29609315 629
1280 29609945 687
1281 29610633 621
1282 29611255 663
1283 29611919 700
1284 29612620 659
1285 29613280 627
1286 29613908 634
1287 29614543 629
1288 29615173 639
1289 29615813 617
1290 29616431 641
1291 29617073 624
1292 29617698 623
1293 29618322 650
1294 29618973 632
1295 29619606 676
1296 29620283 648
1297 29620932 686
1298 29621619 615
1299 29622235 658
1300 29622894 644
1301 29623539 1966
1302 29625506 3131
1303 29628638 2448
1304 29631087 7784
1305 29638872 2661
1306 29641534 2012
1307 29643547 6215
1308 29649763 4243
1309 29654007 4363
1310 29658371 3832
1311 29662204 6885
1312 29669090 3602
1313 29672693 3282
1314 29675976 4622
1315 29680599 5264
1316 29685864 4441
1317 29690306 3417
1318 29693724 4119
1319 29697844 1137
1320 29698982 7945
1321 29706928 4569
1322 29711498 4387
1323 29715886 4372
1324 29720259 4084
1325 29724344 5562
1326 29729907 7796
1327 29737704 2344
1328 29740049 2125
1329 29742175 2948
1330 29745124 2942
1331 29748067 4612
1332 29752680 5427
1333 29758108 3166
1334 29761275 4086
1335 29765362 5458
1336 29770821 4680
1337 29775502 5116
1338 29780619 2488
1339 29783108 2726
1340 29785835 2966
1341 29788802 8260
1342 29797063 1226
1343 29798290 768
1344 29799059 201
1345 29799261 4146
1346 29803408 3342
1347 29806751 1542
1348 29808294 9947
1349 29818242 3066
1350 29821309 8753
1351 29830063 3961
1352 29834025 5243
1353 29839269 4930
1354 29844200 8582
1355 29852783 4795
1356 29857579 3918
1357 29861498 519
1358 29862018 4684
1359 29866703 4392
1360 29871096 3812
1361 29874909 5823
1362 29880733 7215
1363 29887949 6467
1364 29894417 2571
1365 29896989 3358
1366 29900348 965
1367 29901314 22909
1368 29924224 18579
1369 29942804 2581
1370 29945386 8475
1371 29953862 1644
1372 29955507 2392
1373 29957900 7134
1374 29965035 3337
1375 29968373 11012
1376 29979386 2873
1377 29982260 3509
1378 29985770 3220
1379 29988991 4834
1380 29993826 7263
1381 30001090 6901
1382 30007992 6190
1383 30014183 1072
1384 30015256 2783
1385 30018040 3444
1386 30021485 1044
1387 30022530 2435
1388 30024966 1551
1389 30026518 6342
1390 30032861 13623
1391 30046485 2095
1392 30048581 12951
1393 30061533 6468
1394 30068002 2876
1395 30070879 5030
1396 30075910 1961
1397 30077872 9043
1398 30086916 6562
1399 30093479 2478
1400 30095958 6444
1401 30102403 4991
1402 30107395 6536
1403 30113932 4713
1404 30118646 4231
1405 30122878 3599
1406 30126478 3046
1407 30129525 4097
1408 30133623 8641
1409 30142265 4032
1410 30146298 7528
1411 30153827 38564
1412 30192392 5436
1413 30197829 17868
1414 30215698 5287
1415 30220986 2765
1416 30223752 10537
1417 30234290 3779
1418 30238070 4724
1419 30242795 5404
1420 30248200 4822
1421 30253023 5242
1422 30258266 6722
1423 30264989 6481
1424 30271471 4675
1425 30276147 4146
1426 30280294 8949
1427 30289244 8401
1428 30297646 5479
1429 30303126 4268
1430 30307395 7440
1431 30314836 7901
1432 30322738 5644
1433 30328383 5354
1434 30333738 4461
1435 30338200 4956
1436 30343157 4314
1437 30347472 4366
1438 30351839 5342
1439 30357182 1253
1440 30358436 4005
1441 30362442 19868
1442 30382311 3705
1443 30386017 6329
1444 30392347 4674
1445 30397022 2810
1446 30399833 3477
1447 30403311 3910
1448 30407222 3464
1449 30410687 4273
1450 30414961 11912
1451 30426874 4240
1452 30431115 8215
1453 30439331 7859
1454 30447191 7999
1455 30455191 7306
1456 30462498 1625
1457 30464124 5248
1458 30469373 16445
1459 30485819 4604
1460 30490424 9445
1461 30499870 5305
1462 30505176 4193
1463 30509370 4782
1464 30514153 4027
1465 30518181 10505
1466 30528687 5551
1467 30534239 4109
1468 30538349 3159
1469 30541509 3742
1470 30545252 3917
1471 30549170 3309
1472 30552480 3414
1473 30555895 18427
1474 30574323 4804
1475 30579128 5360
1476 30584489 3395
1477 30587885 11471
1478 30599357 7873
1479 30607231 19535
1480 30626767 5451
1481 30632219 1226
1482 30633446 2123
1483 30635570 2867
1484 30638438 3662
1485 30642101 19350
1486 30661452 19773
1487 30681226 4348
1488 30685575 4294
1489 30689870 3518
1490 30693389 12561
1491 30705951 6781
1492 30712733 25783
1493 30738517 11224
1494 30749742 7091
1495 30756834 1547
1496 30758382 5944
1497 30764327 6348
1498 30770676 23587
1499 30794264 1563
1500 30795828 2806
1501 30798635 3750
1502 30802386 1645
1503 30804032 2695
1504 30806728 2676
1505 30809405 508
1506 30809914 4144
1507 30814059 6066
1508 30820126 1732
1509 30821859 3587
1510 30825447 2449
1511 30827897 6017
1512 30833915 5774
1513 30839690 7760
1514 30847451 4933
1515 30852385 901
1516 30853287 1267
1517 30854555 2027
1518 30856583 4059
1519 30860643 3488
1520 30864132 600
1521 30864733 4053
1522 30868787 2904
1523 30871692 2847
1524 30874540 3499
1525 30878040 5606
1526 30883647 4641
1527 30888289 5088
1528 30893378 2701
1529 30896080 9162
1530 30905243 9400
1531 30914644 5542
1532 30920187 2017
1533 30922205 7349
1534 30929555 1988
1535 30931544 3482
1536 30935027 3728
1537 30938756 2602
1538 30941359 8360
1539 30949720 1302
1540 30951023 1878
1541 30952902 3082
1542 30955985 4554
1543 30960540 2019
1544 30962560 1195
1545 30963756 1215
1546 30964972 5283
1547 30970256 2777
1548 30973034 4010
1549 30977045 1132
1550 30978178 2018
1551 30980197 2140
1552 30982338 1333
1553 30983672 2888
1554 30986561 1580
1555 30988142 7315
1556 30995458 5292
1557 31000751 733
1558 31001485 528
1559 31002014 857
1560 31002872 668
1561 31003541 529
1562 31004071 567
1563 31004639 1337
1564 31005977 3520
1565 31009498 3735
1566 31013234 508
1567 31013743 2081
1568 31015825 1334
1569 31017160 3392
1570 31020553 6246
1571 31026800 3264
1572 31030065 5320
1573 31035386 3006
1574 31038393 3807
1575 31042201 3286
1576 31045488 3035
1577 31048524 2097
1578 31050622 1931
1579 31052554 3194
1580 31055749 3773
1581 31059523 207
1582 31059731 1938
1583 31061670 2168
1584 31063839 3805
1585 31067645 3796
1586 31071442 3618
1587 31075061 11148
1588 31086210 10071
1589 31096282 2047
1590 31098330 3820
1591 31102151 3444
1592 31105596 4214
1593 31109811 1513
1594 31111325 1454
1595 31112780 2349
1596 31115130 1946
1597 31117077 3098
1598 31120176 2757
1599 31122934 1915
1600 31124850 2384
1601 31127235 5103
1602 31132339 9788
1603 31142128 1649
1604 31143778 738
1605 31144517 723
1606 31145241 2917
1607 31148159 1867
1608 31150027 2308
1609 31152336 3179
1610 31155516 2889
1611 31158406 2952
1612 31161359 3004
1613 31164364 2434
1614 31166799 2465
1615 31169265 2534
1616 31171800 850
1617 31172651 1592
1618 31174244 5826
1619 31180071 2574
1620 31182646 1284
1621 31183931 2041
1622 31185973 1576
1623 31187550 2894
1624 31190445 5799
1625 31196245 1191
1626 31197437 2818
1627 31200256 1840
1628 31202097 1233
1629 31203331 1117
1630 31204449 1774
1631 31206224 5988
1632 31212213 1798
1633 31214012 3436
1634 31217449 1591
1635 31219041 609
1636 31219651 2700
1637 31222352 895
1638 31223248 5757
1639 31229006 5207
1640 31234214 1609
1641 31235824 760
1642 31236585 789
1643 31237375 2481
1644 31239857 5796
1645 31245654 3735
1646 31249390 3711
1647 31253102 3669
1648 31256772 3764
1649 31260537 3818
1650 31264356 3846
1651 31268203 4050
1652 31272254 3867
1653 31276122 3792
1654 31279915 3816
1655 31283732 3834
1656 31287567 3753
1657 31291321 3792
1658 31295114 3810
1659 31298925 3806
1660 31302732 3853
1661 31306586 3692
1662 31310279 625
1663 31310905 5816
1664 31316722 681
1665 31317404 2801
1666 31320206 2864
1667 31323071 1089
1668 31324161 1272
1669 31325434 7577
1670 31333012 1481
1671 31334494 2293
1672 31336788 2093
1673 31338882 1454
1674 31340337 980
1675 31341318 1699
1676 31343018 2619
1677 31345638 1906
1678 31347545 17037
1679 31364583 1543
1680 31366127 4844
1681 31370972 2105
1682 31373078 2816
1683 31375895 6276
1684 31382172 530
1685 31382703 4030
1686 31386734 2038
1687 31388773 1209
1688 31389983 4655
1689 31394639 850
1690 31395490 2114
1691 31397605 1892
1692 31399498 4179
1693 31403678 4692
1694 31408371 9234
1695 31417606 4127
1696 31421734 2703
1697 31424438 841
1698 31425280 806
1699 31426087 905
1700 31426993 1049
1701 31428043 1588
1702 31429632 3076
1703 31432709 1177
1704 31433887 582
1705 31434470 1568
1706 31436039 1639
1707 31437679 1565
1708 31439245 8819
1709 31448065 7782
1710 31455848 4434
1711 31460283 2925
1712 31463209 608
1713 31463818 7690
1714 31471509 4048
1715 31475558 12555
1716 31488114 4929
1717 31493044 2528
1718 31495573 3904
1719 31499478 16208
1720 31515687 6314
1721 31522002 2625
1722 31524628 304
1723 31524933 2354
1724 31527288 3861
1725 31531150 2823
1726 31533974 13566
1727 31547541 7937
1728 31555479 1914
1729 31557394 2785
1730 31560180 1936
1731 31562117 1854
1732 31563972 3476
1733 31567449 2221
1734 31569671 3063
1735 31572735 1996
1736 31574732 1834
1737 31576567 2196
1738 31578764 2942
1739 31581707 2862
1740 31584570 1935
1741 31586506 2220
1742 31588727 2195
1743 31590923 1833
1744 31592757 1995
1745 31594753 2609
1746 31597363 3326
1747 31600690 2173
1748 31602864 1916
1749 31604781 1779
1750 31606561 2091
1751 31608653 4507
1752 31613161 3903
1753 31617065 3805
1754 31620871 3012
1755 31623884 2457
1756 31626342 2572
1757 31628915 2337
1758 31631253 2378
1759 31633632 4507
1760 31638140 319
1761 31638460 5870
1762 31644331 3903
1763 31648235 3805
1764 31652041 9959
1765 31662001 2813
1766 31664815 965
1767 31665781 4429
1768 31670211 7177
1769 31677389 304
1770 31677694 3204
1771 31680899 2677
1772 31683577 2384
1773 31685962 2603
1774 31688566 3574
1775 31692141 4359
1776 31696501 2616
1777 31699118 4997
1778 31704116 2755
1779 31706872 8233
1780 31715106 2758
1781 31717865 6293
1782 31724159 2452
1783 31726612 1225
1784 31727838 17846
1785 31745685 9879
1786 31755565 2966
1787 31758532 3249
1788 31761782 5893
1789 31767676 3488
1790 31771165 1947
1791 31773113 3085
1792 31776199 4500
1793 31780700 4381
1794 31785082 3725
1795 31788808 2997
1796 31791806 24581
1797 31816388 11338
1798 31827727 16330
1799 31844058 30733
1800 31874792 3791
1801 31878584 9652
1802 31888237 2019
1803 31890257 1853
1804 31892111 2645
1805 31894757 3187
1806 31897945 9538
1807 31907484 3462
1808 31910947 8378
1809 31919326 2137
1810 31921464 1726
1811 31923191 1065
1812 31924257 1478
1813 31925736 1055
1814 31926792 1368
1815 31928161 5360
1816 31933522 4992
1817 31938515 2151
1818 31940667 1738
1819 31942406 4016
1820 31946423 2319
1821 31948743 2256
1822 31951000 7670
1823 31958671 1315
1824 31959987 1474
1825 31961462 4279
1826 31965742 1263
1827 31967006 1231
1828 31968238 1408
1829 31969647 1685
1830 31971333 5183
1831 31976517 2522
1832 31979040 1372
1833 31980413 3181
1834 31983595 10930
1835 31994526 3828
1836 31998355 9575
1837 32007931 3784
1838 32011716 1565
1839 32013282 2112
1840 32015395 7031
1841 32022427 1863
1842 32024291 7361
1843 32031653 3385
1844 32035039 1918
1845 32036958 12886
1846 32049845 5250
1847 32055096 4675
1848 32059772 1374
1849 32061147 2472
1850 32063620 2319
1851 32065940 2151
1852 32068092 3604
1853 32071697 1378
1854 32073076 11043
1855 32084120 1167
1856 32085288 669
1857 32085958 4757
1858 32090716 2038
1859 32092755 1292
1860 32094048 899
1861 32094948 7410
1862 32102359 3113
1863 32105473 1892
1864 32107366 2875
1865 32110242 968
1866 32111211 1318
1867 32112530 1353
1868 32113884 525
1869 32114410 3969
1870 32118380 4618
1871 32122999 4955
1872 32127955 3242
1873 32131198 2208
1874 32133407 857
1875 32134265 783
1876 32135049 1242
1877 32136292 5682
1878 32141975 1588
1879 32143564 765
1880 32144330 1682
1881 32146013 12976
1882 32158990 551
1883 32159542 1839
1884 32161382 2469
1885 32163852 2320
1886 32166173 2685
1887 32168859 1647
1888 32170507 619
1889 32171127 2158
1890 32173286 2194
1891 32175481 2198
1892 32177680 2321
1893 32180002 2133
1894 32182136 479
1895 32182616 2426
1896 32185043 1231
1897 32186275 3099
1898 32189375 1557
1899 32190933 704
1900 32191638 1042
1901 32192681 4317
1902 32196999 5461
1903 32202461 3017
1904 32205479 2749
1905 32208229 3742
1906 32211972 2124
1907 32214097 4008
1908 32218106 13139
1909 32231246 2515
1910 32233762 1919
1911 32235682 3623
1912 32239306 3866
1913 32243173 3876
1914 32247050 1897
1915 32248948 5439
1916 32254388 6877
1917 32261266 2509
1918 32263776 4583
1919 32268360 6977
1920 32275338 1504
1921 32276843 2485
1922 32279329 2674
1923 32282004 815
1924 32282820 5362
1925 32288183 270
1926 32288454 839
1927 32289294 3578
1928 32292873 5927
1929 32298801 1239
1930 32300041 1386
1931 32301428 3688
1932 32305117 4584
1933 32309702 2388
1934 32312091 2204
1935 32314296 3778
1936 32318075 4062
1937 32322138 930
1938 32323069 2939
1939 32326009 1141
1940 32327151 1785
1941 32328937 2004
1942 32330942 3128
1943 32334071 7145
1944 32341217 8614
1945 32349832 3968
1946 32353801 3999
1947 32357801 4629
1948 32362431 3905
1949 32366337 4632
1950 32370970 1159
1951 32372130 4218
1952 32376349 2710
1953 32379060 1718
1954 32380779 1080
1955 32381860 4042
1956 32385903 3878
1957 32389782 2892
1958 32392675 1292
1959 32393968 3168
1960 32397137 7693
1961 32404831 19076
1962 32423908 2199
1963 32426108 3787
1964 32429896 1649
1965 32431546 4255
1966 32435802 5123
1967 32440926 8856
1968 32449783 3146
1969 32452930 13379
1970 32466310 3747
1971 32470058 187
1972 32470246 6377
1973 32476624 8713
1974 32485338 5770
1975 32491109 2169
1976 32493279 4977
1977 32498257 1216
1978 32499474 3866
1979 32503341 6367
1980 32509709 1667
1981 32511377 3442
1982 32514820 2808
1983 32517629 6295
1984 32523925 5398
1985 32529324 1809
1986 32531134 6757
1987 32537892 3676
1988 32541569 10437
1989 32552007 6983
1990 32558991 4565
1991 32563557 3527
1992 32567085 6455
1993 32573541 9641
1994 32583183 1595
1995 32584779 2780
1996 32587560 2403
1997 32589964 4562
1998 32594527 8716
1999 32603244 1588
2000 32604833 4818
2001 32609652 176
2002 32609829 176
2003 32610006 197
2004 32610204 188
2005 32610393 161
2006 32610555 202
2007 32610758 201
2008 32610960 201
2009 32611162 200
2010 32611363 203
2011 32611567 194
2012 32611762 176
2013 32611939 159
2014 32612099 164
2015 32612264 186
2016 32612451 183
2017 32612635 205
2018 32612841 180
2019 32613022 161
2020 32613184 167
2021 32613352 182
2022 32613535 176
2023 32613712 196
2024 32613909 197
2025 32614107 201
2026 32614309 197
2027 32614507 161
2028 32614669 189
2029 32614859 203
2030 32615063 183
2031 32615247 201
2032 32615449 176
2033 32615626 195
2034 32615822 200
2035 32616023 197
2036 32616221 204
2037 32616426 180
2038 32616607 207
2039 32616815 199
2040 32617015 202
2041 32617218 203
2042 32617422 197
2043 32617620 195
2044 32617816 190
2045 32618007 182
2046 32618190 167
2047 32618358 202
2048 32618561 194
2049 32618756 170
2050 32618927 155
2051 32619083 3333
2052 32622417 3684
2053 32626102 6350
2054 32632453 1481
2055 32633935 2678
2056 32636614 2087
2057 32638702 3102
2058 32641805 1596
2059 32643402 8508
2060 32651911 3497
2061 32655409 3384
2062 32658794 1359
2063 32660154 7909
2064 32668064 8193
2065 32676258 8630
2066 32684889 5679
2067 32690569 7412
2068 32697982 7075
2069 32705058 5484
2070 32710543 1788
2071 32712332 6417
2072 32718750 9029
2073 32727780 3857
2074 32731638 4586
2075 32736225 2720
2076 32738946 2390
2077 32741337 3854
2078 32745192 4802
2079 32749995 4255
2080 32754251 3240
2081 32757492 7045
2082 32764538 8568
2083 32773107 8481
2084 32781589 2789
2085 32784379 638
2086 32785018 4182
2087 32789201 8128
2088 32797330 8329
2089 32805660 5400
2090 32811061 2405
2091 32813467 7590
2092 32821058 6634
2093 32827693 3454
2094 32831148 2891
2095 32834040 1051
2096 32835092 3045
2097 32838138 10592
2098 32848731 7555
2099 32856287 7608
2100 32863896 1032
2101 32864929 2960
2102 32867890 1785
2103 32869676 8019
2104 32877696 6933
2105 32884630 4053
2106 32888684 1023
2107 32889708 9571
2108 32899280 9622
2109 32908903 2697
2110 32911601 3785
2111 32915387 5682
2112 32921070 14774
2113 32935845 3036
2114 32938882 4447
2115 32943330 7883
2116 32951214 6490
2117 32957705 2498
2118 32960204 3857
2119 32964062 3792
2120 32967855 1850
2121 32969706 3377
2122 32973084 5069
2123 32978154 2231
2124 32980386 1097
2125 32981484 1354
2126 32982839 3986
2127 32986826 981
2128 32987808 3477
2129 32991286 3291
2130 32994578 3666
2131 32998245 3267
2132 33001513 2455
2133 33003969 977
2134 33004947 1252
2135 33006200 8057
2136 33014258 7003
2137 33021262 4474
2138 33025737 7288
2139 33033026 986
2140 33034013 3320
2141 33037334 9061
2142 33046396 2138
2143 33048535 6286
2144 33054822 6277
2145 33061100 1133
2146 33062234 821
2147 33063056 6791
2148 33069848 3572
2149 33073421 2671
2150 33076093 1014
2151 33077108 3132
2152 33080241 5165
2153 33085407 5556
2154 33090964 4690
2155 33095655 5527
2156 33101183 1869
2157 33103053 3873
2158 33106927 6071
2159 33112999 2454
2160 33115454 4426
2161 33119881 963
2162 33120845 780
2163 33121626 4164
2164 33125791 2661
2165 33128453 2950
2166 33131404 1244
2167 33132649 1937
2168 33134587 2310
2169 33136898 2728
2170 33139627 2296
2171 33141924 1283
2172 33143208 4691
2173 33147900 4572
2174 33152473 3569
2175 33156043 3122
2176 33159166 4096
2177 33163263 4495
2178 33167759 2765
2179 33170525 3813
2180 33174339 2300
2181 33176640 1731
2182 33178372 2289
2183 33180662 20490
2184 33201153 3302
2185 33204456 4074
2186 33208531 1909
2187 33210441 8724
2188 33219166 2668
2189 33221835 5307
2190 33227143 5339
2191 33232483 3679
2192 33236163 4160
2193 33240324 5922
2194 33246247 3019
2195 33249267 5452
2196 33254720 1728
2197 33256449 2611
2198 33259061 5022
2199 33264084 4779
2200 33268864 3302
2201 33272167 5410
2202 33277578 5481
2203 33283060 4268
2204 33287329 2528
2205 33289858 4402
2206 33294261 7390
2207 33301652 175
2208 33301828 4721
2209 33306550 160
2210 33306711 892
2211 33307604 783
2212 33308388 2224
2213 33310613 1769
2214 33312383 927
2215 33313311 1829
2216 33315141 12127
2217 33327269 4425
2218 33331695 1871
2219 33333567 6878
2220 33340446 9971
2221 33350418 1106
2222 33351525 9935
2223 33361461 3370
2224 33364832 1392
2225 33366225 3506
2226 33369732 5356
2227 33375089 4656
2228 33379746 5531
2229 33385278 3446
2230 33388725 1725
2231 33390451 771
2232 33391223 2569
2233 33393793 3930
2234 33397724 3518
2235 33401243 5159
2236 33406403 5246
2237 33411650 1304
2238 33412955 9363
2239 33422319 3278
2240 33425598 584
2241 33426183 1537
2242 33427721 3309
2243 33431031 1871
2244 33432903 3266
2245 33436170 5102
2246 33441273 2121
2247 33443395 5821
2248 33449217 2291
2249 33451509 4206
2250 33455716 4907
2251 33460624 1611
2252 33462236 208
2253 33462445 2808
2254 33465254 935
2255 33466190 1112
2256 33467303 15565
2257 33482869 6420
2258 33489290 13951
2259 33503242 724
2260 33503967 2757
2261 33506725 2039
2262 33508765 2596
2263 33511362 2772
2264 33514135 1765
2265 33515901 20051
2266 33535953 9026
2267 33544980 3559
2268 33548540 3541
2269 33552082 3382
2270 33555465 2090
2271 33557556 3349
2272 33560906 417
2273 33561324 2534
2274 33563859 2896
2275 33566756 13917
2276 33580674 1794
2277 33582469 4095
2278 33586565 2747
2279 33589313 2956
2280 33592270 916
2281 33593187 675
2282 33593863 20137
2283 33614001 3833
2284 33617835 217
2285 33618053 28623
2286 33646677 4201
2287 33650879 7388
2288 33658268 9318
2289 33667587 30299
2290 33697887 19670
2291 33717558 937
2292 33718496 603
2293 33719100 2311
2294 33721412 1601
2295 33723014 4952
2296 33727967 3302
2297 33731270 4035
2298 33735306 2487
2299 33737794 4578
2300 33742373 1131
2301 33743505 1990
2302 33745496 656
2303 33746153 408
2304 33746562 9906
2305 33756469 2287
2306 33758757 840
2307 33759598 30439
2308 33790038 3529
2309 33793568 918
2310 33794487 2572
2311 33797060 3110
2312 33800171 317
2313 33800489 7201
2314 33807691 19018
2315 33826710 5689
2316 33832400 1289
2317 33833690 2166
2318 33835857 2334
2319 33838192 2595
2320 33840788 2537
2321 33843326 1231
2322 33844558 8986
2323 33853545 3634
2324 33857180 2132
2325 33859313 2345
2326 33861659 22082
2327 33883742 839
2328 33884582 382
2329 33884965 1138
2330 33886104 3831
2331 33889936 1122
2332 33891059 3525
2333 33894585 3237
2334 33897823 1564
2335 33899388 1333
2336 33900722 2003
2337 33902726 2144
2338 33904871 1270
2339 33906142 1300
2340 33907443 3882
2341 33911326 539
2342 33911866 6457
2343 33918324 2561
2344 33920886 3659
2345 33924546 807
2346 33925354 1258
2347 33926613 2404
2348 33929018 676
2349 33929695 775
2350 33930471 5004
2351 33935476 1994
2352 33937471 3114
2353 33940586 6317
2354 33946904 981
2355 33947886 6638
2356 33954525 935
2357 33955461 1145
